|                 wl |     k_tot |
|              500.0 | 2.001e-02 |
| 509.99999999999994 | 2.113e-02 |
|              520.0 | 2.230e-02 |
|              530.0 | 2.351e-02 |
|              540.0 | 2.475e-02 |
|              550.0 | 2.604e-02 |
|              560.0 | 2.736e-02 |
|              570.0 | 2.873e-02 |
|              580.0 | 3.013e-02 |
|              590.0 | 3.158e-02 |
|              600.0 | 3.307e-02 |
|  609.9999999999999 | 3.461e-02 |
|              620.0 | 3.618e-02 |
|              630.0 | 3.780e-02 |
|              640.0 | 3.947e-02 |
|              650.0 | 4.117e-02 |
|              660.0 | 4.292e-02 |
|              670.0 | 4.472e-02 |
|              680.0 | 4.656e-02 |
|              690.0 | 4.844e-02 |
|              700.0 | 5.038e-02 |
|              710.0 | 5.235e-02 |
|              720.0 | 5.438e-02 |
|              730.0 | 5.645e-02 |
|              740.0 | 5.856e-02 |
|              750.0 | 6.072e-02 |
|              760.0 | 6.293e-02 |
|              770.0 | 6.519e-02 |
|              780.0 | 6.750e-02 |
|              790.0 | 6.985e-02 |
|              800.0 | 7.225e-02 |
|              810.0 | 7.470e-02 |
|              820.0 | 7.720e-02 |
|              830.0 | 7.975e-02 |
|              840.0 | 8.234e-02 |
|              850.0 | 8.499e-02 |
|              860.0 | 8.768e-02 |
|              870.0 | 9.043e-02 |
|              880.0 | 9.322e-02 |
|              890.0 | 9.607e-02 |
|              900.0 | 9.896e-02 |
|              910.0 | 1.019e-01 |
|              920.0 | 2.089e-08 |
|              930.0 | 2.154e-08 |
|              940.0 | 2.220e-08 |
|              950.0 | 2.288e-08 |
|  959.9999999999999 | 2.357e-08 |
|              970.0 | 2.428e-08 |
|              980.0 | 2.500e-08 |
|  989.9999999999999 | 2.573e-08 |
|             1000.0 | 2.648e-08 |
|             1010.0 | 2.724e-08 |
| 1019.9999999999999 | 2.802e-08 |
|             1030.0 | 2.881e-08 |
|             1040.0 | 2.961e-08 |
|             1050.0 | 3.043e-08 |
|             1060.0 | 3.127e-08 |
|             1070.0 | 3.212e-08 |
|             1080.0 | 3.298e-08 |
|             1090.0 | 3.386e-08 |
|             1100.0 | 3.475e-08 |
|             1110.0 | 3.566e-08 |
|             1120.0 | 3.659e-08 |
|             1130.0 | 3.753e-08 |
|             1140.0 | 3.848e-08 |
|             1150.0 | 3.946e-08 |
|             1160.0 | 4.044e-08 |
|             1170.0 | 4.145e-08 |
|             1180.0 | 4.247e-08 |
|             1190.0 | 4.350e-08 |
|             1200.0 | 4.456e-08 |
| 1209.9999999999998 | 4.562e-08 |
| 1219.9999999999998 | 4.671e-08 |
|             1230.0 | 4.781e-08 |
|             1240.0 | 4.893e-08 |
|             1250.0 | 5.007e-08 |
|             1260.0 | 5.122e-08 |
| 1269.9999999999998 | 5.239e-08 |
|             1280.0 | 5.358e-08 |
|             1290.0 | 5.478e-08 |
|             1300.0 | 5.600e-08 |
|             1310.0 | 5.724e-08 |
|             1320.0 | 5.850e-08 |
| 1329.9999999999998 | 5.978e-08 |
|             1340.0 | 6.107e-08 |
|             1350.0 | 6.238e-08 |
|             1360.0 | 6.371e-08 |
|             1370.0 | 6.506e-08 |
|             1380.0 | 6.643e-08 |
| 1389.9999999999998 | 6.781e-08 |
|             1400.0 | 6.921e-08 |
|             1410.0 | 7.063e-08 |
|             1420.0 | 7.208e-08 |
|             1430.0 | 7.353e-08 |
|             1440.0 | 7.501e-08 |
| 1449.9999999999998 | 7.651e-08 |
|             1460.0 | 7.803e-08 |
|             1470.0 | 7.956e-08 |
|             1480.0 | 8.112e-08 |
|             1490.0 | 8.270e-08 |
|             1500.0 | 8.429e-08 |
| 1509.9999999999998 | 8.591e-08 |
|             1520.0 | 8.754e-08 |
|             1530.0 | 8.919e-08 |
|             1540.0 | 9.087e-08 |
|             1550.0 | 9.256e-08 |
|             1560.0 | 9.428e-08 |
| 1569.9999999999998 | 9.601e-08 |
|             1580.0 | 9.777e-08 |
|             1590.0 | 9.955e-08 |
|             1600.0 | 1.013e-07 |
|             1610.0 | 1.032e-07 |
|             1620.0 | 1.050e-07 |
| 1629.9999999999998 | 1.069e-07 |
|             1640.0 | 1.087e-07 |
|             1650.0 | 1.106e-07 |
|             1660.0 | 1.126e-07 |
|             1670.0 | 1.145e-07 |
|             1680.0 | 1.165e-07 |
| 1689.9999999999998 | 1.185e-07 |
|             1700.0 | 1.205e-07 |
|             1710.0 | 1.225e-07 |
|             1720.0 | 1.246e-07 |
|             1730.0 | 1.266e-07 |
|             1740.0 | 1.287e-07 |
| 1749.9999999999998 | 1.309e-07 |
|             1760.0 | 1.330e-07 |
|             1770.0 | 1.352e-07 |
|             1780.0 | 1.374e-07 |
|             1790.0 | 1.396e-07 |
|             1800.0 | 1.418e-07 |
| 1809.9999999999998 | 1.441e-07 |
|             1820.0 | 1.463e-07 |
|             1830.0 | 1.486e-07 |
|             1840.0 | 1.510e-07 |
|             1850.0 | 1.533e-07 |
|             1860.0 | 1.557e-07 |
| 1869.9999999999998 | 1.581e-07 |
|             1880.0 | 1.605e-07 |
|             1890.0 | 1.629e-07 |
|             1900.0 | 1.654e-07 |
|             1910.0 | 1.679e-07 |
| 1919.9999999999998 | 1.704e-07 |
| 1929.9999999999998 | 1.729e-07 |
|             1940.0 | 1.755e-07 |
|             1950.0 | 1.781e-07 |
|             1960.0 | 1.807e-07 |
|             1970.0 | 1.833e-07 |
| 1979.9999999999998 | 1.860e-07 |
| 1989.9999999999998 | 1.887e-07 |
|             2000.0 | 1.914e-07 |
|             2010.0 | 1.941e-07 |
|             2020.0 | 1.969e-07 |
|             2030.0 | 1.997e-07 |
| 2039.9999999999998 | 2.025e-07 |
|             2050.0 | 2.053e-07 |
|             2060.0 | 2.082e-07 |
|             2070.0 | 2.110e-07 |
|             2080.0 | 2.140e-07 |
|             2090.0 | 2.169e-07 |
|             2100.0 | 2.199e-07 |
|             2110.0 | 2.228e-07 |
|             2120.0 | 2.258e-07 |
|             2130.0 | 2.289e-07 |
|             2140.0 | 2.319e-07 |
|             2150.0 | 2.350e-07 |
|             2160.0 | 2.382e-07 |
|             2170.0 | 2.413e-07 |
|             2180.0 | 2.445e-07 |
|             2190.0 | 2.477e-07 |
|             2200.0 | 2.509e-07 |
|             2210.0 | 2.541e-07 |
|             2220.0 | 2.574e-07 |
|             2230.0 | 2.607e-07 |
|             2240.0 | 2.640e-07 |
|             2250.0 | 2.674e-07 |
|             2260.0 | 2.708e-07 |
|             2270.0 | 2.742e-07 |
|             2280.0 | 2.776e-07 |
|             2290.0 | 2.811e-07 |
|             2300.0 | 2.846e-07 |
|             2310.0 | 2.881e-07 |
|             2320.0 | 2.916e-07 |
|             2330.0 | 2.952e-07 |
|             2340.0 | 2.988e-07 |
|             2350.0 | 3.024e-07 |
|             2360.0 | 3.061e-07 |
|             2370.0 | 3.097e-07 |
|             2380.0 | 3.135e-07 |
|             2390.0 | 3.172e-07 |
|             2400.0 | 3.210e-07 |
|             2410.0 | 3.248e-07 |
| 2419.9999999999995 | 3.286e-07 |
|             2430.0 | 3.324e-07 |
| 2439.9999999999995 | 3.363e-07 |
|             2450.0 | 3.402e-07 |
|             2460.0 | 3.442e-07 |
|             2470.0 | 3.481e-07 |
|             2480.0 | 3.521e-07 |
| 2489.9999999999995 | 3.561e-07 |
|             2500.0 | 3.602e-07 |
|             2510.0 | 3.643e-07 |
|             2520.0 | 3.684e-07 |
|             2530.0 | 3.725e-07 |
| 2539.9999999999995 | 3.767e-07 |
|             2550.0 | 3.809e-07 |
|             2560.0 | 3.851e-07 |
|             2570.0 | 3.894e-07 |
|             2580.0 | 3.936e-07 |
|             2590.0 | 3.980e-07 |
|             2600.0 | 4.023e-07 |
| 2609.9999999999995 | 4.067e-07 |
|             2620.0 | 4.111e-07 |
|             2630.0 | 4.155e-07 |
|             2640.0 | 4.200e-07 |
|             2650.0 | 4.245e-07 |
| 2659.9999999999995 | 4.290e-07 |
|             2670.0 | 4.335e-07 |
|             2680.0 | 4.381e-07 |
|             2690.0 | 4.427e-07 |
|             2700.0 | 4.474e-07 |
|             2710.0 | 4.521e-07 |
|             2720.0 | 4.568e-07 |
| 2729.9999999999995 | 4.615e-07 |
|             2740.0 | 4.663e-07 |
|             2750.0 | 4.710e-07 |
|             2760.0 | 4.759e-07 |
|             2770.0 | 4.807e-07 |
| 2779.9999999999995 | 4.856e-07 |
|             2790.0 | 4.905e-07 |
|             2800.0 | 4.955e-07 |
|             2810.0 | 5.005e-07 |
|             2820.0 | 5.055e-07 |
|             2830.0 | 5.105e-07 |
|             2840.0 | 5.156e-07 |
| 2849.9999999999995 | 5.207e-07 |
|             2860.0 | 5.258e-07 |
|             2870.0 | 5.310e-07 |
|             2880.0 | 5.362e-07 |
|             2890.0 | 5.414e-07 |
| 2899.9999999999995 | 5.467e-07 |
|             2910.0 | 5.520e-07 |
|             2920.0 | 5.573e-07 |
|             2930.0 | 5.627e-07 |
|             2940.0 | 5.680e-07 |
|             2950.0 | 5.735e-07 |
|             2960.0 | 5.789e-07 |
| 2969.9999999999995 | 5.844e-07 |
|             2980.0 | 5.899e-07 |
|             2990.0 | 5.955e-07 |
|             3000.0 | 6.010e-07 |
|             3010.0 | 6.067e-07 |
| 3019.9999999999995 | 6.123e-07 |
|             3030.0 | 6.180e-07 |
|             3040.0 | 6.237e-07 |
|             3050.0 | 6.294e-07 |
|             3060.0 | 6.352e-07 |
|             3070.0 | 6.410e-07 |
|             3080.0 | 6.468e-07 |
| 3089.9999999999995 | 6.527e-07 |
|             3100.0 | 6.586e-07 |
|             3110.0 | 6.646e-07 |
|             3120.0 | 6.705e-07 |
|             3130.0 | 6.765e-07 |
| 3139.9999999999995 | 6.826e-07 |
|             3150.0 | 6.886e-07 |
|             3160.0 | 6.947e-07 |
|             3170.0 | 7.009e-07 |
|             3180.0 | 7.070e-07 |
| 3189.9999999999995 | 7.132e-07 |
|             3200.0 | 7.195e-07 |
| 3209.9999999999995 | 7.257e-07 |
|             3220.0 | 7.320e-07 |
|             3230.0 | 7.383e-07 |
|             3240.0 | 7.447e-07 |
|             3250.0 | 7.511e-07 |
| 3259.9999999999995 | 7.575e-07 |
|             3270.0 | 7.640e-07 |
|             3280.0 | 7.705e-07 |
|             3290.0 | 7.770e-07 |
|             3300.0 | 7.836e-07 |
| 3309.9999999999995 | 7.902e-07 |
|             3320.0 | 7.968e-07 |
| 3329.9999999999995 | 8.035e-07 |
|             3340.0 | 8.102e-07 |
|             3350.0 | 8.169e-07 |
|             3360.0 | 8.237e-07 |
|             3370.0 | 8.305e-07 |
| 3379.9999999999995 | 8.373e-07 |
|             3390.0 | 8.442e-07 |
|             3400.0 | 8.511e-07 |
|             3410.0 | 8.580e-07 |
|             3420.0 | 8.650e-07 |
| 3429.9999999999995 | 8.720e-07 |
|             3440.0 | 8.791e-07 |
| 3449.9999999999995 | 8.861e-07 |
|             3460.0 | 8.932e-07 |
|             3470.0 | 9.004e-07 |
|             3480.0 | 9.076e-07 |
|             3490.0 | 9.148e-07 |
| 3499.9999999999995 | 9.220e-07 |
|             3510.0 | 9.293e-07 |
|             3520.0 | 9.366e-07 |
|             3530.0 | 9.440e-07 |
|             3540.0 | 9.513e-07 |
| 3549.9999999999995 | 9.588e-07 |
|             3560.0 | 9.662e-07 |
| 3569.9999999999995 | 9.737e-07 |
|             3580.0 | 9.812e-07 |
|             3590.0 | 9.888e-07 |
|             3600.0 | 9.964e-07 |
|             3610.0 | 1.004e-06 |
| 3619.9999999999995 | 1.012e-06 |
|             3630.0 | 1.019e-06 |
|             3640.0 | 1.027e-06 |
|             3650.0 | 3.633e-08 |
|             3660.0 | 3.659e-08 |
| 3669.9999999999995 | 3.686e-08 |
|             3680.0 | 3.712e-08 |
| 3689.9999999999995 | 3.739e-08 |
|             3700.0 | 3.766e-08 |
|             3710.0 | 3.793e-08 |
|             3720.0 | 3.821e-08 |
|             3730.0 | 3.848e-08 |
| 3739.9999999999995 | 3.875e-08 |
|             3750.0 | 3.903e-08 |
|             3760.0 | 3.930e-08 |
|             3770.0 | 3.958e-08 |
|             3780.0 | 3.986e-08 |
| 3789.9999999999995 | 4.014e-08 |
|             3800.0 | 4.042e-08 |
| 3809.9999999999995 | 4.071e-08 |
|             3820.0 | 4.099e-08 |
|             3830.0 | 4.128e-08 |
| 3839.9999999999995 | 4.156e-08 |
|             3850.0 | 4.185e-08 |
| 3859.9999999999995 | 4.214e-08 |
|             3870.0 | 4.243e-08 |
|             3880.0 | 4.272e-08 |
|             3890.0 | 4.302e-08 |
|             3900.0 | 4.331e-08 |
| 3909.9999999999995 | 4.360e-08 |
|             3920.0 | 4.390e-08 |
|             3930.0 | 4.420e-08 |
|             3940.0 | 4.450e-08 |
|             3950.0 | 4.480e-08 |
| 3959.9999999999995 | 4.510e-08 |
|             3970.0 | 4.540e-08 |
| 3979.9999999999995 | 4.571e-08 |
|             3990.0 | 4.601e-08 |
|             4000.0 | 4.632e-08 |
|             4010.0 | 4.663e-08 |
|             4020.0 | 4.693e-08 |
| 4029.9999999999995 | 4.725e-08 |
|             4040.0 | 4.756e-08 |
|             4050.0 | 4.787e-08 |
|             4060.0 | 4.818e-08 |
|             4070.0 | 4.850e-08 |
| 4079.9999999999995 | 4.882e-08 |
|             4090.0 | 4.913e-08 |
|             4100.0 | 4.945e-08 |
|             4110.0 | 4.977e-08 |
|             4120.0 | 5.009e-08 |
|             4130.0 | 5.042e-08 |
|             4140.0 | 5.074e-08 |
|             4150.0 | 5.107e-08 |
|             4160.0 | 5.139e-08 |
|             4170.0 | 5.172e-08 |
|             4180.0 | 5.205e-08 |
|             4190.0 | 5.238e-08 |
|             4200.0 | 5.271e-08 |
|             4210.0 | 5.305e-08 |
|             4220.0 | 5.338e-08 |
|             4230.0 | 5.372e-08 |
|             4240.0 | 5.405e-08 |
|             4250.0 | 5.439e-08 |
|             4260.0 | 5.473e-08 |
|             4270.0 | 5.507e-08 |
|             4280.0 | 5.542e-08 |
|             4290.0 | 5.576e-08 |
|             4300.0 | 5.610e-08 |
|             4310.0 | 5.645e-08 |
|             4320.0 | 5.680e-08 |
|             4330.0 | 5.715e-08 |
|             4340.0 | 5.750e-08 |
|             4350.0 | 5.785e-08 |
|             4360.0 | 5.820e-08 |
|             4370.0 | 5.856e-08 |
|             4380.0 | 5.891e-08 |
|             4390.0 | 5.927e-08 |
|             4400.0 | 5.962e-08 |
|             4410.0 | 5.998e-08 |
|             4420.0 | 6.034e-08 |
|             4430.0 | 6.071e-08 |
|             4440.0 | 6.107e-08 |
|             4450.0 | 6.143e-08 |
|             4460.0 | 6.180e-08 |
|             4470.0 | 6.217e-08 |
|             4480.0 | 6.254e-08 |
|             4490.0 | 6.291e-08 |
|             4500.0 | 6.328e-08 |
|             4510.0 | 6.365e-08 |
|             4520.0 | 6.402e-08 |
|             4530.0 | 6.440e-08 |
|             4540.0 | 6.477e-08 |
|             4550.0 | 6.515e-08 |
|             4560.0 | 6.553e-08 |
|             4570.0 | 6.591e-08 |
|             4580.0 | 6.629e-08 |
|             4590.0 | 6.668e-08 |
|             4600.0 | 6.706e-08 |
|             4610.0 | 6.745e-08 |
|             4620.0 | 6.783e-08 |
|             4630.0 | 6.822e-08 |
|             4640.0 | 6.861e-08 |
|             4650.0 | 6.900e-08 |
|             4660.0 | 6.939e-08 |
|             4670.0 | 6.979e-08 |
|             4680.0 | 7.018e-08 |
|             4690.0 | 7.058e-08 |
|             4700.0 | 7.098e-08 |
|             4710.0 | 7.138e-08 |
|             4720.0 | 7.178e-08 |
|             4730.0 | 7.218e-08 |
|             4740.0 | 7.258e-08 |
|             4750.0 | 7.299e-08 |
|             4760.0 | 7.339e-08 |
|             4770.0 | 7.380e-08 |
|             4780.0 | 7.421e-08 |
|             4790.0 | 7.462e-08 |
|             4800.0 | 7.503e-08 |
|  4809.999999999999 | 7.544e-08 |
|             4820.0 | 7.586e-08 |
|             4830.0 | 7.627e-08 |
|  4839.999999999999 | 7.669e-08 |
|             4850.0 | 7.711e-08 |
|             4860.0 | 7.753e-08 |
|             4870.0 | 7.795e-08 |
|  4879.999999999999 | 7.837e-08 |
|             4890.0 | 7.879e-08 |
|             4900.0 | 7.922e-08 |
|  4909.999999999999 | 7.964e-08 |
|             4920.0 | 8.007e-08 |
|             4930.0 | 8.050e-08 |
|             4940.0 | 8.093e-08 |
|             4950.0 | 8.136e-08 |
|             4960.0 | 8.179e-08 |
|             4970.0 | 8.223e-08 |
|  4979.999999999999 | 8.266e-08 |
|             4990.0 | 8.310e-08 |
|             5000.0 | 8.354e-08 |
|             5010.0 | 8.398e-08 |
|             5020.0 | 8.442e-08 |
|             5030.0 | 8.486e-08 |
|             5040.0 | 8.531e-08 |
|  5049.999999999999 | 8.575e-08 |
|             5060.0 | 8.620e-08 |
|             5070.0 | 8.665e-08 |
|  5079.999999999999 | 8.710e-08 |
|             5090.0 | 8.755e-08 |
|             5100.0 | 8.800e-08 |
|             5110.0 | 8.846e-08 |
|             5120.0 | 8.891e-08 |
|             5130.0 | 8.937e-08 |
|             5140.0 | 8.983e-08 |
|  5149.999999999999 | 9.028e-08 |
|             5160.0 | 9.075e-08 |
|             5170.0 | 9.121e-08 |
|             5180.0 | 9.167e-08 |
|             5190.0 | 9.214e-08 |
|             5200.0 | 9.260e-08 |
|             5210.0 | 9.307e-08 |
|  5219.999999999999 | 9.354e-08 |
|             5230.0 | 9.401e-08 |
|             5240.0 | 9.448e-08 |
|             5250.0 | 9.495e-08 |
|             5260.0 | 9.543e-08 |
|             5270.0 | 9.590e-08 |
|             5280.0 | 9.638e-08 |
|  5289.999999999999 | 9.686e-08 |
|             5300.0 | 9.734e-08 |
|             5310.0 | 9.782e-08 |
|  5319.999999999999 | 9.830e-08 |
|             5330.0 | 9.879e-08 |
|             5340.0 | 9.928e-08 |
|             5350.0 | 9.976e-08 |
|             5360.0 | 1.003e-07 |
|             5370.0 | 1.007e-07 |
|             5380.0 | 1.012e-07 |
|  5389.999999999999 | 1.017e-07 |
|             5400.0 | 1.022e-07 |
|             5410.0 | 1.027e-07 |
|             5420.0 | 1.032e-07 |
|             5430.0 | 1.037e-07 |
|             5440.0 | 1.042e-07 |
|             5450.0 | 1.047e-07 |
|  5459.999999999999 | 1.052e-07 |
|             5470.0 | 1.057e-07 |
|             5480.0 | 1.062e-07 |
|  5489.999999999999 | 1.067e-07 |
|             5500.0 | 1.072e-07 |
|             5510.0 | 1.077e-07 |
|             5520.0 | 1.083e-07 |
|  5529.999999999999 | 1.088e-07 |
|             5540.0 | 1.093e-07 |
|             5550.0 | 1.098e-07 |
|  5559.999999999999 | 1.103e-07 |
|             5570.0 | 1.108e-07 |
|             5580.0 | 1.114e-07 |
|             5590.0 | 1.119e-07 |
|             5600.0 | 1.124e-07 |
|             5610.0 | 1.129e-07 |
|             5620.0 | 1.134e-07 |
|  5629.999999999999 | 1.140e-07 |
|             5640.0 | 1.145e-07 |
|             5650.0 | 1.150e-07 |
|             5660.0 | 1.156e-07 |
|             5670.0 | 1.161e-07 |
|             5680.0 | 1.166e-07 |
|             5690.0 | 1.172e-07 |
|  5699.999999999999 | 1.177e-07 |
|             5710.0 | 1.182e-07 |
|             5720.0 | 1.188e-07 |
|  5729.999999999999 | 1.193e-07 |
|             5740.0 | 1.199e-07 |
|             5750.0 | 1.204e-07 |
|             5760.0 | 1.210e-07 |
|  5769.999999999999 | 1.215e-07 |
|             5780.0 | 1.220e-07 |
|             5790.0 | 1.226e-07 |
|  5799.999999999999 | 1.231e-07 |
|             5810.0 | 1.237e-07 |
|             5820.0 | 1.243e-07 |
|             5830.0 | 1.248e-07 |
|             5840.0 | 1.254e-07 |
|             5850.0 | 1.259e-07 |
|             5860.0 | 1.265e-07 |
|  5869.999999999999 | 1.270e-07 |
|             5880.0 | 1.276e-07 |
|             5890.0 | 1.282e-07 |
|             5900.0 | 1.287e-07 |
|             5910.0 | 1.293e-07 |
|             5920.0 | 1.299e-07 |
|             5930.0 | 1.304e-07 |
|  5939.999999999999 | 1.310e-07 |
|             5950.0 | 1.316e-07 |
|             5960.0 | 1.322e-07 |
|  5969.999999999999 | 1.327e-07 |
|             5980.0 | 1.333e-07 |
|             5990.0 | 1.339e-07 |
|             6000.0 | 1.345e-07 |
|  6009.999999999999 | 1.350e-07 |
|             6020.0 | 1.356e-07 |
|             6030.0 | 1.362e-07 |
|  6039.999999999999 | 1.368e-07 |
|             6050.0 | 1.374e-07 |
|             6060.0 | 1.380e-07 |
|             6070.0 | 1.386e-07 |
|             6080.0 | 1.392e-07 |
|             6090.0 | 1.397e-07 |
|             6100.0 | 1.403e-07 |
|  6109.999999999999 | 1.409e-07 |
|             6120.0 | 1.415e-07 |
|             6130.0 | 1.421e-07 |
|             6140.0 | 1.427e-07 |
|             6150.0 | 1.433e-07 |
|             6160.0 | 1.439e-07 |
|             6170.0 | 1.445e-07 |
|  6179.999999999999 | 1.451e-07 |
|             6190.0 | 1.457e-07 |
|             6200.0 | 1.464e-07 |
|  6209.999999999999 | 1.470e-07 |
|             6220.0 | 1.476e-07 |
|             6230.0 | 1.482e-07 |
|             6240.0 | 1.488e-07 |
|  6249.999999999999 | 1.494e-07 |
|             6260.0 | 1.500e-07 |
|             6270.0 | 1.507e-07 |
|  6279.999999999999 | 1.513e-07 |
|             6290.0 | 1.519e-07 |
|             6300.0 | 1.525e-07 |
|             6310.0 | 1.531e-07 |
|             6320.0 | 1.538e-07 |
|             6330.0 | 1.544e-07 |
|             6340.0 | 1.550e-07 |
|  6349.999999999999 | 1.557e-07 |
|             6360.0 | 1.563e-07 |
|             6370.0 | 1.569e-07 |
|  6379.999999999999 | 1.576e-07 |
|             6390.0 | 1.582e-07 |
|             6400.0 | 1.588e-07 |
|             6410.0 | 1.595e-07 |
|  6419.999999999999 | 1.601e-07 |
|             6430.0 | 1.608e-07 |
|             6440.0 | 1.614e-07 |
|  6449.999999999999 | 1.620e-07 |
|             6460.0 | 1.627e-07 |
|             6470.0 | 1.633e-07 |
|             6480.0 | 1.640e-07 |
|             6490.0 | 1.646e-07 |
|             6500.0 | 1.653e-07 |
|             6510.0 | 1.659e-07 |
|  6519.999999999999 | 1.666e-07 |
|             6530.0 | 1.672e-07 |
|             6540.0 | 1.679e-07 |
|             6550.0 | 1.686e-07 |
|             6560.0 | 1.692e-07 |
|             6570.0 | 1.699e-07 |
|             6580.0 | 1.706e-07 |
|  6589.999999999999 | 1.712e-07 |
|             6600.0 | 1.719e-07 |
|             6610.0 | 1.726e-07 |
|  6619.999999999999 | 1.732e-07 |
|             6630.0 | 1.739e-07 |
|             6640.0 | 1.746e-07 |
|             6650.0 | 1.752e-07 |
|  6659.999999999999 | 1.759e-07 |
|             6670.0 | 1.766e-07 |
|             6680.0 | 1.773e-07 |
|  6689.999999999999 | 1.779e-07 |
|             6700.0 | 1.786e-07 |
|             6710.0 | 1.793e-07 |
|             6720.0 | 1.800e-07 |
|             6730.0 | 1.807e-07 |
|             6740.0 | 1.814e-07 |
|             6750.0 | 1.821e-07 |
|  6759.999999999999 | 1.827e-07 |
|             6770.0 | 1.834e-07 |
|             6780.0 | 1.841e-07 |
|             6790.0 | 1.848e-07 |
|             6800.0 | 1.855e-07 |
|             6810.0 | 1.862e-07 |
|             6820.0 | 1.869e-07 |
|  6829.999999999999 | 1.876e-07 |
|             6840.0 | 1.883e-07 |
|             6850.0 | 1.890e-07 |
|  6859.999999999999 | 1.897e-07 |
|             6870.0 | 1.904e-07 |
|             6880.0 | 1.911e-07 |
|             6890.0 | 1.918e-07 |
|  6899.999999999999 | 1.926e-07 |
|             6910.0 | 1.933e-07 |
|             6920.0 | 1.940e-07 |
|  6929.999999999999 | 1.947e-07 |
|             6940.0 | 1.954e-07 |
|             6950.0 | 1.961e-07 |
|             6960.0 | 1.969e-07 |
|             6970.0 | 1.976e-07 |
|             6980.0 | 1.983e-07 |
|             6990.0 | 1.990e-07 |
|  6999.999999999999 | 1.997e-07 |
|             7010.0 | 2.005e-07 |
|             7020.0 | 2.012e-07 |
|  7029.999999999999 | 2.019e-07 |
|             7040.0 | 2.027e-07 |
|             7050.0 | 2.034e-07 |
|             7060.0 | 2.041e-07 |
|  7069.999999999999 | 2.049e-07 |
|             7080.0 | 2.056e-07 |
|             7090.0 | 2.063e-07 |
|  7099.999999999999 | 2.071e-07 |
|             7110.0 | 2.078e-07 |
|             7120.0 | 2.086e-07 |
|             7130.0 | 2.093e-07 |
|  7139.999999999999 | 2.100e-07 |
|             7150.0 | 2.108e-07 |
|             7160.0 | 2.115e-07 |
|  7169.999999999999 | 2.123e-07 |
|             7180.0 | 2.130e-07 |
|             7190.0 | 2.138e-07 |
|             7200.0 | 2.146e-07 |
|             7210.0 | 2.153e-07 |
|             7220.0 | 2.161e-07 |
|             7230.0 | 2.168e-07 |
|  7239.999999999999 | 2.176e-07 |
|             7250.0 | 2.183e-07 |
|             7260.0 | 2.191e-07 |
|  7269.999999999999 | 2.199e-07 |
|             7280.0 | 2.206e-07 |
|             7290.0 | 2.214e-07 |
|             7300.0 | 2.222e-07 |
|  7309.999999999999 | 2.229e-07 |
|             7320.0 | 2.237e-07 |
|             7330.0 | 2.245e-07 |
|  7339.999999999999 | 2.253e-07 |
|             7350.0 | 2.260e-07 |
|             7360.0 | 2.268e-07 |
|             7370.0 | 2.276e-07 |
|  7379.999999999999 | 2.284e-07 |
|             7390.0 | 2.292e-07 |
|             7400.0 | 2.300e-07 |
|  7409.999999999999 | 2.307e-07 |
|             7420.0 | 2.315e-07 |
|             7430.0 | 2.323e-07 |
|             7440.0 | 2.331e-07 |
|             7450.0 | 2.339e-07 |
|             7460.0 | 2.347e-07 |
|             7470.0 | 2.355e-07 |
|  7479.999999999999 | 2.363e-07 |
|             7490.0 | 2.371e-07 |
|             7500.0 | 2.379e-07 |
|  7509.999999999999 | 2.387e-07 |
|             7520.0 | 2.395e-07 |
|             7530.0 | 2.403e-07 |
|             7540.0 | 2.411e-07 |
|  7549.999999999999 | 2.419e-07 |
|             7560.0 | 2.427e-07 |
|             7570.0 | 2.435e-07 |
|  7579.999999999999 | 2.443e-07 |
|             7590.0 | 2.451e-07 |
|             7600.0 | 2.459e-07 |
|             7610.0 | 2.468e-07 |
|  7619.999999999999 | 2.476e-07 |
|             7630.0 | 2.484e-07 |
|             7640.0 | 2.492e-07 |
|  7649.999999999999 | 2.500e-07 |
|             7660.0 | 2.508e-07 |
|             7670.0 | 2.517e-07 |
|  7679.999999999999 | 2.525e-07 |
|             7690.0 | 2.533e-07 |
|             7700.0 | 2.541e-07 |
|             7710.0 | 2.550e-07 |
|  7719.999999999999 | 2.558e-07 |
|             7730.0 | 2.566e-07 |
|             7740.0 | 2.575e-07 |
|  7749.999999999999 | 2.583e-07 |
|             7760.0 | 2.591e-07 |
|             7770.0 | 2.600e-07 |
|             7780.0 | 2.608e-07 |
|  7789.999999999999 | 2.617e-07 |
|             7800.0 | 2.625e-07 |
|             7810.0 | 2.634e-07 |
|  7819.999999999999 | 2.642e-07 |
|             7830.0 | 2.650e-07 |
|             7840.0 | 2.659e-07 |
|             7850.0 | 2.667e-07 |
|             7860.0 | 2.676e-07 |
|             7870.0 | 2.684e-07 |
|             7880.0 | 2.693e-07 |
|  7889.999999999999 | 2.702e-07 |
|             7900.0 | 2.710e-07 |
|             7910.0 | 2.719e-07 |
|  7919.999999999999 | 2.727e-07 |
|             7930.0 | 2.736e-07 |
|             7940.0 | 2.745e-07 |
|             7950.0 | 2.753e-07 |
|  7959.999999999999 | 2.762e-07 |
|             7970.0 | 2.771e-07 |
|             7980.0 | 2.779e-07 |
|  7989.999999999999 | 2.788e-07 |
|             8000.0 | 2.797e-07 |
|             8010.0 | 2.805e-07 |
|             8020.0 | 2.814e-07 |
|  8029.999999999999 | 2.823e-07 |
|             8040.0 | 2.832e-07 |
|             8050.0 | 2.841e-07 |
|  8059.999999999999 | 2.849e-07 |
|             8070.0 | 2.858e-07 |
|             8080.0 | 2.867e-07 |
|             8090.0 | 2.876e-07 |
|             8100.0 | 2.885e-07 |
|             8110.0 | 2.894e-07 |
|             8120.0 | 2.903e-07 |
|  8129.999999999999 | 2.911e-07 |
|             8140.0 | 2.920e-07 |
|             8150.0 | 2.929e-07 |
|  8159.999999999999 | 2.938e-07 |
|             8170.0 | 2.947e-07 |
|             8180.0 | 2.956e-07 |
|             8190.0 | 2.965e-07 |
|             8200.0 | 2.974e-07 |
|             8210.0 | 5.720e-08 |
|             8220.0 | 5.736e-08 |
|             8230.0 | 5.752e-08 |
|             8240.0 | 5.768e-08 |
|             8250.0 | 5.783e-08 |
|             8260.0 | 5.799e-08 |
|             8270.0 | 5.815e-08 |
|             8280.0 | 5.831e-08 |
|             8290.0 | 5.847e-08 |
|             8300.0 | 5.863e-08 |
|             8310.0 | 5.879e-08 |
|             8320.0 | 5.895e-08 |
|             8330.0 | 5.911e-08 |
|             8340.0 | 5.927e-08 |
|             8350.0 | 5.943e-08 |
|             8360.0 | 5.959e-08 |
|             8370.0 | 5.975e-08 |
|             8380.0 | 5.992e-08 |
|             8390.0 | 6.008e-08 |
|             8400.0 | 6.024e-08 |
|             8410.0 | 6.040e-08 |
|             8420.0 | 6.056e-08 |
|             8430.0 | 6.073e-08 |
|             8440.0 | 6.089e-08 |
|             8450.0 | 6.105e-08 |
|             8460.0 | 6.122e-08 |
|             8470.0 | 6.138e-08 |
|             8480.0 | 6.155e-08 |
|             8490.0 | 6.171e-08 |
|             8500.0 | 6.187e-08 |
|             8510.0 | 6.204e-08 |
|             8520.0 | 6.220e-08 |
|             8530.0 | 6.237e-08 |
|             8540.0 | 6.254e-08 |
|             8550.0 | 6.270e-08 |
|             8560.0 | 6.287e-08 |
|             8570.0 | 6.303e-08 |
|             8580.0 | 6.320e-08 |
|             8590.0 | 6.337e-08 |
|             8600.0 | 6.353e-08 |
|             8610.0 | 6.370e-08 |
|             8620.0 | 6.387e-08 |
|             8630.0 | 6.404e-08 |
|             8640.0 | 6.421e-08 |
|             8650.0 | 6.437e-08 |
|             8660.0 | 6.454e-08 |
|             8670.0 | 6.471e-08 |
|             8680.0 | 6.488e-08 |
|             8690.0 | 6.505e-08 |
|             8700.0 | 6.522e-08 |
|             8710.0 | 6.539e-08 |
|             8720.0 | 6.556e-08 |
|             8730.0 | 6.573e-08 |
|             8740.0 | 6.590e-08 |
|             8750.0 | 6.607e-08 |
|             8760.0 | 6.624e-08 |
|             8770.0 | 6.641e-08 |
|             8780.0 | 6.659e-08 |
|             8790.0 | 6.676e-08 |
|             8800.0 | 6.693e-08 |
|             8810.0 | 6.710e-08 |
|             8820.0 | 6.728e-08 |
|             8830.0 | 6.745e-08 |
|             8840.0 | 6.762e-08 |
|             8850.0 | 6.779e-08 |
|             8860.0 | 6.797e-08 |
|             8870.0 | 6.814e-08 |
|             8880.0 | 6.832e-08 |
|             8890.0 | 6.849e-08 |
|             8900.0 | 6.867e-08 |
|             8910.0 | 6.884e-08 |
|             8920.0 | 6.902e-08 |
|             8930.0 | 6.919e-08 |
|             8940.0 | 6.937e-08 |
|             8950.0 | 6.954e-08 |
|             8960.0 | 6.972e-08 |
|             8970.0 | 6.990e-08 |
|             8980.0 | 7.007e-08 |
|             8990.0 | 7.025e-08 |
|             9000.0 | 7.043e-08 |
|             9010.0 | 7.060e-08 |
|             9020.0 | 7.078e-08 |
|             9030.0 | 7.096e-08 |
|             9040.0 | 7.114e-08 |
|             9050.0 | 7.132e-08 |
|             9060.0 | 7.150e-08 |
|             9070.0 | 7.168e-08 |
|             9080.0 | 7.185e-08 |
|             9090.0 | 7.203e-08 |
|             9100.0 | 7.221e-08 |
|             9110.0 | 7.239e-08 |
|             9120.0 | 7.257e-08 |
|             9130.0 | 7.276e-08 |
|             9140.0 | 7.294e-08 |
|             9150.0 | 7.312e-08 |
|             9160.0 | 7.330e-08 |
|             9170.0 | 7.348e-08 |
|             9180.0 | 7.366e-08 |
|             9190.0 | 7.384e-08 |
|             9200.0 | 7.403e-08 |
|             9210.0 | 7.421e-08 |
|             9220.0 | 7.439e-08 |
|             9230.0 | 7.458e-08 |
|             9240.0 | 7.476e-08 |
|             9250.0 | 7.494e-08 |
|             9260.0 | 7.513e-08 |
|             9270.0 | 7.531e-08 |
|             9280.0 | 7.550e-08 |
|             9290.0 | 7.568e-08 |
|             9300.0 | 7.587e-08 |
|             9310.0 | 7.605e-08 |
|             9320.0 | 7.624e-08 |
|             9330.0 | 7.642e-08 |
|             9340.0 | 7.661e-08 |
|             9350.0 | 7.679e-08 |
|             9360.0 | 7.698e-08 |
|             9370.0 | 7.717e-08 |
|             9380.0 | 7.735e-08 |
|             9390.0 | 7.754e-08 |
|             9400.0 | 7.773e-08 |
|             9410.0 | 7.792e-08 |
|             9420.0 | 7.811e-08 |
|             9430.0 | 7.829e-08 |
|             9440.0 | 7.848e-08 |
|             9450.0 | 7.867e-08 |
|             9460.0 | 7.886e-08 |
|             9470.0 | 7.905e-08 |
|             9480.0 | 7.924e-08 |
|             9490.0 | 7.943e-08 |
|             9500.0 | 7.962e-08 |
|             9510.0 | 7.981e-08 |
|             9520.0 | 8.000e-08 |
|             9530.0 | 8.019e-08 |
|             9540.0 | 8.038e-08 |
|             9550.0 | 8.057e-08 |
|             9560.0 | 8.077e-08 |
|             9570.0 | 8.096e-08 |
|             9580.0 | 8.115e-08 |
|             9590.0 | 8.134e-08 |
|             9600.0 | 8.154e-08 |
|             9610.0 | 8.173e-08 |
|  9619.999999999998 | 8.192e-08 |
|             9630.0 | 8.212e-08 |
|             9640.0 | 8.231e-08 |
|  9649.999999999998 | 8.250e-08 |
|             9660.0 | 8.270e-08 |
|             9670.0 | 8.289e-08 |
|  9679.999999999998 | 8.309e-08 |
|             9690.0 | 8.328e-08 |
|             9700.0 | 8.348e-08 |
|             9710.0 | 8.367e-08 |
|             9720.0 | 8.387e-08 |
|             9730.0 | 8.406e-08 |
|             9740.0 | 8.426e-08 |
|             9750.0 | 8.446e-08 |
|  9759.999999999998 | 8.465e-08 |
|             9770.0 | 8.485e-08 |
|             9780.0 | 8.505e-08 |
|  9789.999999999998 | 8.525e-08 |
|             9800.0 | 8.545e-08 |
|             9810.0 | 8.564e-08 |
|  9819.999999999998 | 8.584e-08 |
|             9830.0 | 8.604e-08 |
|             9840.0 | 8.624e-08 |
|             9850.0 | 8.644e-08 |
|             9860.0 | 8.664e-08 |
|             9870.0 | 8.684e-08 |
|             9880.0 | 8.704e-08 |
|             9890.0 | 8.724e-08 |
|             9900.0 | 8.744e-08 |
|             9910.0 | 8.764e-08 |
|             9920.0 | 8.784e-08 |
|  9929.999999999998 | 8.804e-08 |
|             9940.0 | 8.824e-08 |
|             9950.0 | 8.845e-08 |
|  9959.999999999998 | 8.865e-08 |
|             9970.0 | 8.885e-08 |
|             9980.0 | 8.905e-08 |
|  9989.999999999998 | 8.926e-08 |
|            10000.0 | 8.946e-08 |
|            10010.0 | 8.966e-08 |
|            10020.0 | 8.987e-08 |
|            10030.0 | 9.007e-08 |
|            10040.0 | 9.027e-08 |
|            10050.0 | 9.048e-08 |
|            10060.0 | 9.068e-08 |
|            10070.0 | 9.089e-08 |
|            10080.0 | 9.109e-08 |
|            10090.0 | 9.130e-08 |
| 10099.999999999998 | 9.151e-08 |
|            10110.0 | 9.171e-08 |
|            10120.0 | 9.192e-08 |
| 10129.999999999998 | 9.213e-08 |
|            10140.0 | 9.233e-08 |
|            10150.0 | 9.254e-08 |
| 10159.999999999998 | 9.275e-08 |
|            10170.0 | 9.295e-08 |
|            10180.0 | 9.316e-08 |
|            10190.0 | 9.337e-08 |
|            10200.0 | 9.358e-08 |
|            10210.0 | 9.379e-08 |
|            10220.0 | 9.400e-08 |
|            10230.0 | 9.421e-08 |
|            10240.0 | 9.442e-08 |
|            10250.0 | 9.463e-08 |
|            10260.0 | 9.484e-08 |
| 10269.999999999998 | 9.505e-08 |
|            10280.0 | 9.526e-08 |
|            10290.0 | 9.547e-08 |
| 10299.999999999998 | 9.568e-08 |
|            10310.0 | 9.589e-08 |
|            10320.0 | 9.610e-08 |
| 10329.999999999998 | 9.631e-08 |
|            10340.0 | 9.653e-08 |
|            10350.0 | 9.674e-08 |
|            10360.0 | 9.695e-08 |
|            10370.0 | 9.716e-08 |
|            10380.0 | 9.738e-08 |
|            10390.0 | 9.759e-08 |
|            10400.0 | 9.780e-08 |
| 10409.999999999998 | 9.802e-08 |
|            10420.0 | 9.823e-08 |
|            10430.0 | 9.845e-08 |
| 10439.999999999998 | 9.866e-08 |
|            10450.0 | 9.888e-08 |
|            10460.0 | 9.909e-08 |
| 10469.999999999998 | 9.931e-08 |
|            10480.0 | 9.952e-08 |
|            10490.0 | 9.974e-08 |
|            10500.0 | 9.996e-08 |
|            10510.0 | 1.002e-07 |
|            10520.0 | 1.004e-07 |
|            10530.0 | 1.006e-07 |
|            10540.0 | 1.008e-07 |
|            10550.0 | 1.010e-07 |
|            10560.0 | 1.013e-07 |
|            10570.0 | 1.015e-07 |
| 10579.999999999998 | 1.017e-07 |
|            10590.0 | 1.019e-07 |
|            10600.0 | 1.021e-07 |
| 10609.999999999998 | 1.024e-07 |
|            10620.0 | 1.026e-07 |
|            10630.0 | 1.028e-07 |
| 10639.999999999998 | 1.030e-07 |
|            10650.0 | 1.032e-07 |
|            10660.0 | 1.035e-07 |
|            10670.0 | 1.037e-07 |
|            10680.0 | 1.039e-07 |
|            10690.0 | 1.041e-07 |
|            10700.0 | 1.043e-07 |
|            10710.0 | 1.046e-07 |
|            10720.0 | 1.048e-07 |
|            10730.0 | 1.050e-07 |
|            10740.0 | 1.052e-07 |
| 10749.999999999998 | 1.055e-07 |
|            10760.0 | 1.057e-07 |
|            10770.0 | 1.059e-07 |
| 10779.999999999998 | 1.061e-07 |
|            10790.0 | 1.063e-07 |
|            10800.0 | 1.066e-07 |
| 10809.999999999998 | 1.068e-07 |
|            10820.0 | 1.070e-07 |
|            10830.0 | 1.072e-07 |
|            10840.0 | 1.075e-07 |
|            10850.0 | 1.077e-07 |
|            10860.0 | 1.079e-07 |
|            10870.0 | 1.081e-07 |
|            10880.0 | 1.084e-07 |
| 10889.999999999998 | 1.086e-07 |
|            10900.0 | 1.088e-07 |
|            10910.0 | 1.091e-07 |
| 10919.999999999998 | 1.093e-07 |
|            10930.0 | 1.095e-07 |
|            10940.0 | 1.097e-07 |
| 10949.999999999998 | 1.100e-07 |
|            10960.0 | 1.102e-07 |
|            10970.0 | 1.104e-07 |
| 10979.999999999998 | 1.107e-07 |
|            10990.0 | 1.109e-07 |
|            11000.0 | 1.111e-07 |
|            11010.0 | 1.113e-07 |
|            11020.0 | 1.116e-07 |
|            11030.0 | 1.118e-07 |
|            11040.0 | 1.120e-07 |
|            11050.0 | 1.123e-07 |
| 11059.999999999998 | 1.125e-07 |
|            11070.0 | 1.127e-07 |
|            11080.0 | 1.130e-07 |
| 11089.999999999998 | 1.132e-07 |
|            11100.0 | 1.134e-07 |
|            11110.0 | 1.137e-07 |
| 11119.999999999998 | 1.139e-07 |
|            11130.0 | 1.141e-07 |
|            11140.0 | 1.144e-07 |
|            11150.0 | 1.146e-07 |
|            11160.0 | 1.148e-07 |
|            11170.0 | 1.151e-07 |
|            11180.0 | 1.153e-07 |
|            11190.0 | 1.155e-07 |
|            11200.0 | 1.158e-07 |
|            11210.0 | 1.160e-07 |
|            11220.0 | 1.162e-07 |
| 11229.999999999998 | 1.165e-07 |
|            11240.0 | 1.167e-07 |
|            11250.0 | 1.169e-07 |
| 11259.999999999998 | 1.172e-07 |
|            11270.0 | 1.174e-07 |
|            11280.0 | 1.177e-07 |
| 11289.999999999998 | 1.179e-07 |
|            11300.0 | 1.181e-07 |
|            11310.0 | 1.184e-07 |
|            11320.0 | 1.186e-07 |
|            11330.0 | 1.188e-07 |
|            11340.0 | 1.191e-07 |
|            11350.0 | 1.193e-07 |
|            11360.0 | 1.196e-07 |
| 11369.999999999998 | 1.198e-07 |
|            11380.0 | 1.200e-07 |
|            11390.0 | 1.203e-07 |
| 11399.999999999998 | 1.205e-07 |
|            11410.0 | 1.208e-07 |
|            11420.0 | 1.210e-07 |
| 11429.999999999998 | 1.212e-07 |
|            11440.0 | 1.215e-07 |
|            11450.0 | 1.217e-07 |
| 11459.999999999998 | 1.220e-07 |
|            11470.0 | 1.222e-07 |
|            11480.0 | 1.225e-07 |
|            11490.0 | 1.227e-07 |
|            11500.0 | 1.229e-07 |
|            11510.0 | 1.232e-07 |
|            11520.0 | 1.234e-07 |
|            11530.0 | 1.237e-07 |
| 11539.999999999998 | 1.239e-07 |
|            11550.0 | 1.242e-07 |
|            11560.0 | 1.244e-07 |
| 11569.999999999998 | 1.247e-07 |
|            11580.0 | 1.249e-07 |
|            11590.0 | 1.251e-07 |
| 11599.999999999998 | 1.254e-07 |
|            11610.0 | 1.256e-07 |
|            11620.0 | 1.259e-07 |
| 11629.999999999998 | 1.261e-07 |
|            11640.0 | 1.264e-07 |
|            11650.0 | 1.266e-07 |
|            11660.0 | 1.269e-07 |
|            11670.0 | 1.271e-07 |
|            11680.0 | 1.274e-07 |
|            11690.0 | 1.276e-07 |
|            11700.0 | 1.279e-07 |
| 11709.999999999998 | 1.281e-07 |
|            11720.0 | 1.284e-07 |
|            11730.0 | 1.286e-07 |
| 11739.999999999998 | 1.289e-07 |
|            11750.0 | 1.291e-07 |
|            11760.0 | 1.294e-07 |
| 11769.999999999998 | 1.296e-07 |
|            11780.0 | 1.299e-07 |
|            11790.0 | 1.301e-07 |
|            11800.0 | 1.304e-07 |
|            11810.0 | 1.306e-07 |
|            11820.0 | 1.309e-07 |
|            11830.0 | 1.311e-07 |
|            11840.0 | 1.314e-07 |
|            11850.0 | 1.316e-07 |
|            11860.0 | 1.319e-07 |
|            11870.0 | 1.321e-07 |
| 11879.999999999998 | 1.324e-07 |
|            11890.0 | 1.326e-07 |
|            11900.0 | 1.329e-07 |
| 11909.999999999998 | 1.332e-07 |
|            11920.0 | 1.334e-07 |
|            11930.0 | 1.337e-07 |
| 11939.999999999998 | 1.339e-07 |
|            11950.0 | 1.342e-07 |
|            11960.0 | 1.344e-07 |
|            11970.0 | 1.347e-07 |
|            11980.0 | 1.349e-07 |
|            11990.0 | 1.352e-07 |
|            12000.0 | 1.355e-07 |
|            12010.0 | 1.357e-07 |
| 12019.999999999998 | 1.360e-07 |
|            12030.0 | 1.362e-07 |
|            12040.0 | 1.365e-07 |
| 12049.999999999998 | 1.367e-07 |
|            12060.0 | 1.370e-07 |
|            12070.0 | 1.373e-07 |
| 12079.999999999998 | 1.375e-07 |
|            12090.0 | 1.378e-07 |
|            12100.0 | 1.380e-07 |
| 12109.999999999998 | 1.383e-07 |
|            12120.0 | 1.386e-07 |
|            12130.0 | 1.388e-07 |
|            12140.0 | 1.391e-07 |
|            12150.0 | 1.393e-07 |
|            12160.0 | 1.396e-07 |
|            12170.0 | 1.399e-07 |
|            12180.0 | 1.401e-07 |
| 12189.999999999998 | 1.404e-07 |
|            12200.0 | 1.406e-07 |
|            12210.0 | 1.409e-07 |
| 12219.999999999998 | 1.412e-07 |
|            12230.0 | 1.414e-07 |
|            12240.0 | 1.417e-07 |
| 12249.999999999998 | 1.420e-07 |
|            12260.0 | 1.422e-07 |
|            12270.0 | 1.425e-07 |
|            12280.0 | 1.428e-07 |
|            12290.0 | 1.430e-07 |
|            12300.0 | 1.433e-07 |
|            12310.0 | 1.436e-07 |
|            12320.0 | 1.438e-07 |
|            12330.0 | 1.441e-07 |
|            12340.0 | 1.443e-07 |
|            12350.0 | 1.446e-07 |
| 12359.999999999998 | 1.449e-07 |
|            12370.0 | 1.451e-07 |
|            12380.0 | 1.454e-07 |
| 12389.999999999998 | 1.457e-07 |
|            12400.0 | 1.460e-07 |
|            12410.0 | 1.462e-07 |
| 12419.999999999998 | 1.465e-07 |
|            12430.0 | 1.468e-07 |
|            12440.0 | 1.470e-07 |
|            12450.0 | 1.473e-07 |
|            12460.0 | 1.476e-07 |
|            12470.0 | 1.478e-07 |
|            12480.0 | 1.481e-07 |
|            12490.0 | 1.484e-07 |
| 12499.999999999998 | 1.486e-07 |
|            12510.0 | 1.489e-07 |
|            12520.0 | 1.492e-07 |
| 12529.999999999998 | 1.495e-07 |
|            12540.0 | 1.497e-07 |
|            12550.0 | 1.500e-07 |
| 12559.999999999998 | 1.503e-07 |
|            12570.0 | 1.505e-07 |
|            12580.0 | 1.508e-07 |
| 12589.999999999998 | 1.511e-07 |
|            12600.0 | 1.514e-07 |
|            12610.0 | 1.516e-07 |
|            12620.0 | 1.519e-07 |
|            12630.0 | 1.522e-07 |
|            12640.0 | 1.525e-07 |
|            12650.0 | 1.527e-07 |
|            12660.0 | 1.530e-07 |
| 12669.999999999998 | 1.533e-07 |
|            12680.0 | 1.536e-07 |
|            12690.0 | 1.538e-07 |
| 12699.999999999998 | 1.541e-07 |
|            12710.0 | 1.544e-07 |
|            12720.0 | 1.547e-07 |
| 12729.999999999998 | 1.549e-07 |
|            12740.0 | 1.552e-07 |
|            12750.0 | 1.555e-07 |
| 12759.999999999998 | 1.558e-07 |
|            12770.0 | 1.561e-07 |
|            12780.0 | 1.563e-07 |
|            12790.0 | 1.566e-07 |
|            12800.0 | 1.569e-07 |
|            12810.0 | 1.572e-07 |
|            12820.0 | 1.574e-07 |
|            12830.0 | 1.577e-07 |
| 12839.999999999998 | 1.580e-07 |
|            12850.0 | 1.583e-07 |
|            12860.0 | 1.586e-07 |
| 12869.999999999998 | 1.588e-07 |
|            12880.0 | 1.591e-07 |
|            12890.0 | 1.594e-07 |
| 12899.999999999998 | 1.597e-07 |
|            12910.0 | 1.600e-07 |
|            12920.0 | 1.603e-07 |
|            12930.0 | 1.605e-07 |
|            12940.0 | 1.608e-07 |
|            12950.0 | 1.611e-07 |
|            12960.0 | 1.614e-07 |
|            12970.0 | 1.617e-07 |
|            12980.0 | 1.620e-07 |
|            12990.0 | 1.622e-07 |
|            13000.0 | 1.625e-07 |
| 13009.999999999998 | 1.628e-07 |
|            13020.0 | 1.631e-07 |
|            13030.0 | 1.634e-07 |
| 13039.999999999998 | 1.637e-07 |
|            13050.0 | 1.640e-07 |
|            13060.0 | 1.642e-07 |
| 13069.999999999998 | 1.645e-07 |
|            13080.0 | 1.648e-07 |
|            13090.0 | 1.651e-07 |
|            13100.0 | 1.654e-07 |
|            13110.0 | 1.657e-07 |
|            13120.0 | 1.660e-07 |
|            13130.0 | 1.662e-07 |
|            13140.0 | 1.665e-07 |
| 13149.999999999998 | 1.668e-07 |
|            13160.0 | 1.671e-07 |
|            13170.0 | 1.674e-07 |
| 13179.999999999998 | 1.677e-07 |
|            13190.0 | 1.680e-07 |
|            13200.0 | 1.683e-07 |
| 13209.999999999998 | 1.686e-07 |
|            13220.0 | 1.689e-07 |
|            13230.0 | 1.691e-07 |
| 13239.999999999998 | 1.694e-07 |
|            13250.0 | 1.697e-07 |
|            13260.0 | 1.700e-07 |
|            13270.0 | 1.703e-07 |
|            13280.0 | 1.706e-07 |
|            13290.0 | 1.709e-07 |
|            13300.0 | 1.712e-07 |
|            13310.0 | 1.715e-07 |
| 13319.999999999998 | 1.718e-07 |
|            13330.0 | 1.721e-07 |
|            13340.0 | 1.724e-07 |
| 13349.999999999998 | 1.727e-07 |
|            13360.0 | 1.729e-07 |
|            13370.0 | 1.732e-07 |
| 13379.999999999998 | 1.735e-07 |
|            13390.0 | 1.738e-07 |
|            13400.0 | 1.741e-07 |
| 13409.999999999998 | 1.744e-07 |
|            13420.0 | 1.747e-07 |
|            13430.0 | 1.750e-07 |
|            13440.0 | 1.753e-07 |
|            13450.0 | 1.756e-07 |
|            13460.0 | 1.759e-07 |
|            13470.0 | 1.762e-07 |
|            13480.0 | 1.765e-07 |
| 13489.999999999998 | 1.768e-07 |
|            13500.0 | 1.771e-07 |
|            13510.0 | 1.774e-07 |
| 13519.999999999998 | 1.777e-07 |
|            13530.0 | 1.780e-07 |
|            13540.0 | 1.783e-07 |
| 13549.999999999998 | 1.786e-07 |
|            13560.0 | 1.789e-07 |
|            13570.0 | 1.792e-07 |
|            13580.0 | 1.795e-07 |
|            13590.0 | 1.798e-07 |
|            13600.0 | 1.801e-07 |
|            13610.0 | 1.804e-07 |
|            13620.0 | 1.807e-07 |
| 13629.999999999998 | 1.810e-07 |
|            13640.0 | 1.813e-07 |
|            13650.0 | 1.816e-07 |
| 13659.999999999998 | 1.819e-07 |
|            13670.0 | 1.822e-07 |
|            13680.0 | 1.825e-07 |
| 13689.999999999998 | 1.828e-07 |
|            13700.0 | 1.831e-07 |
|            13710.0 | 1.834e-07 |
| 13719.999999999998 | 1.837e-07 |
|            13730.0 | 1.840e-07 |
|            13740.0 | 1.843e-07 |
|            13750.0 | 1.847e-07 |
|            13760.0 | 1.850e-07 |
|            13770.0 | 1.853e-07 |
|            13780.0 | 1.856e-07 |
|            13790.0 | 1.859e-07 |
| 13799.999999999998 | 1.862e-07 |
|            13810.0 | 1.865e-07 |
|            13820.0 | 1.868e-07 |
| 13829.999999999998 | 1.871e-07 |
|            13840.0 | 1.874e-07 |
|            13850.0 | 1.877e-07 |
| 13859.999999999998 | 1.880e-07 |
|            13870.0 | 1.883e-07 |
|            13880.0 | 1.886e-07 |
| 13889.999999999998 | 1.890e-07 |
|            13900.0 | 1.893e-07 |
|            13910.0 | 1.896e-07 |
|            13920.0 | 1.899e-07 |
|            13930.0 | 1.902e-07 |
|            13940.0 | 1.905e-07 |
|            13950.0 | 1.908e-07 |
|            13960.0 | 1.911e-07 |
| 13969.999999999998 | 1.914e-07 |
|            13980.0 | 1.918e-07 |
|            13990.0 | 1.921e-07 |
| 13999.999999999998 | 1.924e-07 |
|            14010.0 | 1.927e-07 |
|            14020.0 | 1.930e-07 |
| 14029.999999999998 | 1.933e-07 |
|            14040.0 | 1.936e-07 |
|            14050.0 | 1.939e-07 |
| 14059.999999999998 | 1.943e-07 |
|            14070.0 | 1.946e-07 |
|            14080.0 | 1.949e-07 |
|            14090.0 | 1.952e-07 |
|            14100.0 | 1.955e-07 |
|            14110.0 | 1.958e-07 |
|            14120.0 | 1.961e-07 |
|            14130.0 | 1.965e-07 |
| 14139.999999999998 | 1.968e-07 |
|            14150.0 | 1.971e-07 |
|            14160.0 | 1.974e-07 |
| 14169.999999999998 | 1.977e-07 |
|            14180.0 | 1.980e-07 |
|            14190.0 | 1.984e-07 |
| 14199.999999999998 | 1.987e-07 |
|            14210.0 | 1.990e-07 |
|            14220.0 | 1.993e-07 |
|            14230.0 | 1.996e-07 |
|            14240.0 | 2.000e-07 |
|            14250.0 | 2.003e-07 |
|            14260.0 | 2.006e-07 |
|            14270.0 | 2.009e-07 |
| 14279.999999999998 | 2.012e-07 |
|            14290.0 | 2.016e-07 |
|            14300.0 | 2.019e-07 |
| 14309.999999999998 | 2.022e-07 |
|            14320.0 | 2.025e-07 |
|            14330.0 | 2.028e-07 |
| 14339.999999999998 | 2.032e-07 |
|            14350.0 | 2.035e-07 |
|            14360.0 | 2.038e-07 |
| 14369.999999999998 | 2.041e-07 |
|            14380.0 | 2.045e-07 |
|            14390.0 | 2.048e-07 |
|            14400.0 | 2.051e-07 |
|            14410.0 | 2.054e-07 |
|            14420.0 | 2.058e-07 |
|            14430.0 | 2.061e-07 |
|            14440.0 | 2.064e-07 |
| 14449.999999999998 | 2.067e-07 |
|            14460.0 | 2.071e-07 |
|            14470.0 | 2.074e-07 |
| 14479.999999999998 | 2.077e-07 |
|            14490.0 | 2.080e-07 |
|            14500.0 | 2.084e-07 |
| 14509.999999999998 | 2.087e-07 |
|            14520.0 | 2.090e-07 |
|            14530.0 | 2.093e-07 |
| 14539.999999999998 | 2.097e-07 |
|            14550.0 | 2.100e-07 |
|            14560.0 | 2.103e-07 |
|            14570.0 | 2.107e-07 |
|            14580.0 | 2.110e-07 |
|            14590.0 | 2.113e-07 |
|            14600.0 | 2.116e-07 |
|            14610.0 | 2.120e-07 |
| 14619.999999999998 | 2.123e-07 |
|            14630.0 | 2.126e-07 |
|            14640.0 | 2.130e-07 |
| 14649.999999999998 | 2.133e-07 |
|            14660.0 | 2.136e-07 |
|            14670.0 | 2.140e-07 |
| 14679.999999999998 | 2.143e-07 |
|            14690.0 | 2.146e-07 |
|            14700.0 | 2.150e-07 |
| 14709.999999999998 | 2.153e-07 |
|            14720.0 | 2.156e-07 |
|            14730.0 | 2.159e-07 |
|            14740.0 | 2.163e-07 |
|            14750.0 | 2.166e-07 |
| 14759.999999999998 | 2.170e-07 |
|            14770.0 | 2.173e-07 |
|            14780.0 | 2.176e-07 |
| 14789.999999999998 | 2.180e-07 |
|            14800.0 | 2.183e-07 |
|            14810.0 | 2.186e-07 |
| 14819.999999999998 | 2.190e-07 |
|            14830.0 | 2.193e-07 |
|            14840.0 | 2.196e-07 |
| 14849.999999999998 | 2.200e-07 |
|            14860.0 | 2.203e-07 |
|            14870.0 | 2.206e-07 |
|            14880.0 | 2.210e-07 |
|            14890.0 | 2.213e-07 |
|            14900.0 | 2.217e-07 |
|            14910.0 | 2.220e-07 |
|            14920.0 | 2.223e-07 |
| 14929.999999999998 | 2.227e-07 |
|            14940.0 | 2.230e-07 |
|            14950.0 | 2.234e-07 |
| 14959.999999999998 | 2.237e-07 |
|            14970.0 | 2.240e-07 |
|            14980.0 | 2.244e-07 |
| 14989.999999999998 | 2.247e-07 |
|            15000.0 | 2.251e-07 |
|            15010.0 | 2.254e-07 |
| 15019.999999999998 | 2.257e-07 |
|            15030.0 | 2.261e-07 |
|            15040.0 | 2.264e-07 |
|            15050.0 | 2.268e-07 |
|            15060.0 | 2.271e-07 |
|            15070.0 | 2.274e-07 |
|            15080.0 | 2.278e-07 |
|            15090.0 | 2.281e-07 |
| 15099.999999999998 | 2.285e-07 |
|            15110.0 | 2.288e-07 |
|            15120.0 | 2.292e-07 |
| 15129.999999999998 | 2.295e-07 |
|            15140.0 | 2.299e-07 |
|            15150.0 | 2.302e-07 |
| 15159.999999999998 | 2.305e-07 |
|            15170.0 | 2.309e-07 |
|            15180.0 | 2.312e-07 |
| 15189.999999999998 | 2.316e-07 |
|            15200.0 | 2.319e-07 |
|            15210.0 | 2.323e-07 |
|            15220.0 | 2.326e-07 |
|            15230.0 | 2.330e-07 |
| 15239.999999999998 | 2.333e-07 |
|            15250.0 | 2.337e-07 |
|            15260.0 | 2.340e-07 |
| 15269.999999999998 | 2.344e-07 |
|            15280.0 | 2.347e-07 |
|            15290.0 | 2.351e-07 |
| 15299.999999999998 | 2.354e-07 |
|            15310.0 | 2.358e-07 |
|            15320.0 | 2.361e-07 |
| 15329.999999999998 | 2.365e-07 |
|            15340.0 | 2.368e-07 |
|            15350.0 | 2.372e-07 |
| 15359.999999999998 | 2.375e-07 |
|            15370.0 | 2.379e-07 |
|            15380.0 | 2.382e-07 |
|            15390.0 | 2.386e-07 |
|            15400.0 | 2.389e-07 |
| 15409.999999999998 | 2.393e-07 |
|            15420.0 | 2.396e-07 |
|            15430.0 | 2.400e-07 |
| 15439.999999999998 | 2.403e-07 |
|            15450.0 | 2.407e-07 |
|            15460.0 | 2.410e-07 |
| 15469.999999999998 | 2.414e-07 |
|            15480.0 | 2.417e-07 |
|            15490.0 | 2.421e-07 |
| 15499.999999999998 | 2.425e-07 |
|            15510.0 | 2.428e-07 |
|            15520.0 | 2.432e-07 |
|            15530.0 | 2.435e-07 |
|            15540.0 | 2.439e-07 |
|            15550.0 | 2.442e-07 |
|            15560.0 | 2.446e-07 |
|            15570.0 | 2.450e-07 |
| 15579.999999999998 | 2.453e-07 |
|            15590.0 | 2.457e-07 |
|            15600.0 | 2.460e-07 |
| 15609.999999999998 | 2.464e-07 |
|            15620.0 | 2.467e-07 |
|            15630.0 | 2.471e-07 |
| 15639.999999999998 | 2.475e-07 |
|            15650.0 | 2.478e-07 |
|            15660.0 | 2.482e-07 |
| 15669.999999999998 | 2.485e-07 |
|            15680.0 | 2.489e-07 |
|            15690.0 | 2.493e-07 |
|            15700.0 | 2.496e-07 |
|            15710.0 | 2.500e-07 |
|            15720.0 | 2.503e-07 |
|            15730.0 | 2.507e-07 |
|            15740.0 | 2.511e-07 |
| 15749.999999999998 | 2.514e-07 |
|            15760.0 | 2.518e-07 |
|            15770.0 | 2.522e-07 |
| 15779.999999999998 | 2.525e-07 |
|            15790.0 | 2.529e-07 |
|            15800.0 | 2.533e-07 |
| 15809.999999999998 | 2.536e-07 |
|            15820.0 | 2.540e-07 |
|            15830.0 | 2.543e-07 |
| 15839.999999999998 | 2.547e-07 |
|            15850.0 | 2.551e-07 |
|            15860.0 | 2.554e-07 |
|            15870.0 | 2.558e-07 |
|            15880.0 | 2.562e-07 |
| 15889.999999999998 | 2.565e-07 |
|            15900.0 | 2.569e-07 |
|            15910.0 | 2.573e-07 |
| 15919.999999999998 | 2.576e-07 |
|            15930.0 | 2.580e-07 |
|            15940.0 | 2.584e-07 |
| 15949.999999999998 | 2.587e-07 |
|            15960.0 | 2.591e-07 |
|            15970.0 | 2.595e-07 |
| 15979.999999999998 | 2.598e-07 |
|            15990.0 | 2.602e-07 |
|            16000.0 | 2.606e-07 |
|            16010.0 | 2.610e-07 |
|            16020.0 | 2.613e-07 |
|            16030.0 | 2.617e-07 |
|            16040.0 | 2.621e-07 |
|            16050.0 | 2.624e-07 |
| 16059.999999999998 | 2.628e-07 |
|            16070.0 | 2.632e-07 |
|            16080.0 | 2.636e-07 |
| 16089.999999999998 | 2.639e-07 |
|            16100.0 | 2.643e-07 |
|            16110.0 | 2.647e-07 |
| 16119.999999999998 | 2.650e-07 |
|            16130.0 | 2.654e-07 |
|            16140.0 | 2.658e-07 |
| 16149.999999999998 | 2.662e-07 |
|            16160.0 | 2.665e-07 |
|            16170.0 | 2.669e-07 |
|            16180.0 | 2.673e-07 |
|            16190.0 | 2.677e-07 |
|            16200.0 | 2.680e-07 |
|            16210.0 | 2.684e-07 |
|            16220.0 | 2.688e-07 |
| 16229.999999999998 | 2.692e-07 |
|            16240.0 | 2.695e-07 |
|            16250.0 | 2.699e-07 |
| 16259.999999999998 | 2.703e-07 |
|            16270.0 | 2.707e-07 |
|            16280.0 | 2.711e-07 |
| 16289.999999999998 | 2.714e-07 |
|            16300.0 | 2.718e-07 |
|            16310.0 | 2.722e-07 |
| 16319.999999999998 | 2.726e-07 |
|            16330.0 | 2.729e-07 |
|            16340.0 | 2.733e-07 |
|            16350.0 | 2.737e-07 |
|            16360.0 | 2.741e-07 |
| 16369.999999999998 | 2.745e-07 |
|            16380.0 | 2.748e-07 |
|            16390.0 | 2.752e-07 |
|            16400.0 | 2.756e-07 |
|            16410.0 | 2.760e-07 |
|            16420.0 | 2.764e-07 |
|            16430.0 | 2.768e-07 |
|            16440.0 | 2.771e-07 |
|            16450.0 | 2.775e-07 |
|            16460.0 | 2.779e-07 |
|            16470.0 | 2.783e-07 |
|            16480.0 | 2.787e-07 |
|            16490.0 | 2.791e-07 |
|            16500.0 | 2.794e-07 |
|            16510.0 | 2.798e-07 |
|            16520.0 | 2.802e-07 |
|            16530.0 | 2.806e-07 |
|            16540.0 | 2.810e-07 |
|            16550.0 | 2.814e-07 |
|            16560.0 | 2.818e-07 |
|            16570.0 | 2.821e-07 |
|            16580.0 | 2.825e-07 |
|            16590.0 | 2.829e-07 |
|            16600.0 | 2.833e-07 |
|            16610.0 | 2.837e-07 |
|            16620.0 | 2.841e-07 |
|            16630.0 | 2.845e-07 |
|            16640.0 | 2.849e-07 |
|            16650.0 | 2.852e-07 |
|            16660.0 | 2.856e-07 |
|            16670.0 | 2.860e-07 |
|            16680.0 | 2.864e-07 |
|            16690.0 | 2.868e-07 |
|            16700.0 | 2.872e-07 |
|            16710.0 | 2.876e-07 |
|            16720.0 | 2.880e-07 |
|            16730.0 | 2.884e-07 |
|            16740.0 | 2.887e-07 |
|            16750.0 | 2.891e-07 |
|            16760.0 | 2.895e-07 |
|            16770.0 | 2.899e-07 |
|            16780.0 | 2.903e-07 |
|            16790.0 | 2.907e-07 |
|            16800.0 | 2.911e-07 |
|            16810.0 | 2.915e-07 |
|            16820.0 | 2.919e-07 |
|            16830.0 | 2.923e-07 |
|            16840.0 | 2.927e-07 |
|            16850.0 | 2.931e-07 |
|            16860.0 | 2.935e-07 |
|            16870.0 | 2.939e-07 |
|            16880.0 | 2.943e-07 |
|            16890.0 | 2.947e-07 |
|            16900.0 | 2.950e-07 |
|            16910.0 | 2.954e-07 |
|            16920.0 | 2.958e-07 |
|            16930.0 | 2.962e-07 |
|            16940.0 | 2.966e-07 |
|            16950.0 | 2.970e-07 |
|            16960.0 | 2.974e-07 |
|            16970.0 | 2.978e-07 |
|            16980.0 | 2.982e-07 |
|            16990.0 | 2.986e-07 |
|            17000.0 | 2.990e-07 |
|            17010.0 | 2.994e-07 |
|            17020.0 | 2.998e-07 |
|            17030.0 | 3.002e-07 |
|            17040.0 | 3.006e-07 |
|            17050.0 | 3.010e-07 |
|            17060.0 | 3.014e-07 |
|            17070.0 | 3.018e-07 |
|            17080.0 | 3.022e-07 |
|            17090.0 | 3.026e-07 |
|            17100.0 | 3.030e-07 |
|            17110.0 | 3.034e-07 |
|            17120.0 | 3.038e-07 |
|            17130.0 | 3.042e-07 |
|            17140.0 | 3.046e-07 |
|            17150.0 | 3.050e-07 |
|            17160.0 | 3.054e-07 |
|            17170.0 | 3.058e-07 |
|            17180.0 | 3.063e-07 |
|            17190.0 | 3.067e-07 |
|            17200.0 | 3.071e-07 |
|            17210.0 | 3.075e-07 |
|            17220.0 | 3.079e-07 |
|            17230.0 | 3.083e-07 |
|            17240.0 | 3.087e-07 |
|            17250.0 | 3.091e-07 |
|            17260.0 | 3.095e-07 |
|            17270.0 | 3.099e-07 |
|            17280.0 | 3.103e-07 |
|            17290.0 | 3.107e-07 |
|            17300.0 | 3.111e-07 |
|            17310.0 | 3.115e-07 |
|            17320.0 | 3.119e-07 |
|            17330.0 | 3.123e-07 |
|            17340.0 | 3.128e-07 |
|            17350.0 | 3.132e-07 |
|            17360.0 | 3.136e-07 |
|            17370.0 | 3.140e-07 |
|            17380.0 | 3.144e-07 |
|            17390.0 | 3.148e-07 |
|            17400.0 | 3.152e-07 |
|            17410.0 | 3.156e-07 |
|            17420.0 | 3.160e-07 |
|            17430.0 | 3.164e-07 |
|            17440.0 | 3.169e-07 |
|            17450.0 | 3.173e-07 |
|            17460.0 | 3.177e-07 |
|            17470.0 | 3.181e-07 |
|            17480.0 | 3.185e-07 |
|            17490.0 | 3.189e-07 |
|            17500.0 | 3.193e-07 |
|            17510.0 | 3.198e-07 |
|            17520.0 | 3.202e-07 |
|            17530.0 | 3.206e-07 |
|            17540.0 | 3.210e-07 |
|            17550.0 | 3.214e-07 |
|            17560.0 | 3.218e-07 |
|            17570.0 | 3.222e-07 |
|            17580.0 | 3.227e-07 |
|            17590.0 | 3.231e-07 |
|            17600.0 | 3.235e-07 |
|            17610.0 | 3.239e-07 |
|            17620.0 | 3.243e-07 |
|            17630.0 | 3.247e-07 |
|            17640.0 | 3.252e-07 |
|            17650.0 | 3.256e-07 |
|            17660.0 | 3.260e-07 |
|            17670.0 | 3.264e-07 |
|            17680.0 | 3.268e-07 |
|            17690.0 | 3.273e-07 |
|            17700.0 | 3.277e-07 |
|            17710.0 | 3.281e-07 |
|            17720.0 | 3.285e-07 |
|            17730.0 | 3.289e-07 |
|            17740.0 | 3.294e-07 |
|            17750.0 | 3.298e-07 |
|            17760.0 | 3.302e-07 |
|            17770.0 | 3.306e-07 |
|            17780.0 | 3.310e-07 |
|            17790.0 | 3.315e-07 |
|            17800.0 | 3.319e-07 |
|            17810.0 | 3.323e-07 |
|            17820.0 | 3.327e-07 |
|            17830.0 | 3.331e-07 |
|            17840.0 | 3.336e-07 |
|            17850.0 | 3.340e-07 |
|            17860.0 | 3.344e-07 |
|            17870.0 | 3.348e-07 |
|            17880.0 | 3.353e-07 |
|            17890.0 | 3.357e-07 |
|            17900.0 | 3.361e-07 |
|            17910.0 | 3.365e-07 |
|            17920.0 | 3.370e-07 |
|            17930.0 | 3.374e-07 |
|            17940.0 | 3.378e-07 |
|            17950.0 | 3.383e-07 |
|            17960.0 | 3.387e-07 |
|            17970.0 | 3.391e-07 |
|            17980.0 | 3.395e-07 |
|            17990.0 | 3.400e-07 |
|            18000.0 | 3.404e-07 |
|            18010.0 | 3.408e-07 |
|            18020.0 | 3.412e-07 |
|            18030.0 | 3.417e-07 |
|            18040.0 | 3.421e-07 |
|            18050.0 | 3.425e-07 |
|            18060.0 | 3.430e-07 |
|            18070.0 | 3.434e-07 |
|            18080.0 | 3.438e-07 |
|            18090.0 | 3.443e-07 |
|            18100.0 | 3.447e-07 |
|            18110.0 | 3.451e-07 |
|            18120.0 | 3.456e-07 |
|            18130.0 | 3.460e-07 |
|            18140.0 | 3.464e-07 |
|            18150.0 | 3.468e-07 |
|            18160.0 | 3.473e-07 |
|            18170.0 | 3.477e-07 |
|            18180.0 | 3.481e-07 |
|            18190.0 | 3.486e-07 |
|            18200.0 | 3.490e-07 |
|            18210.0 | 3.495e-07 |
|            18220.0 | 3.499e-07 |
|            18230.0 | 3.503e-07 |
|            18240.0 | 3.508e-07 |
|            18250.0 | 3.512e-07 |
|            18260.0 | 3.516e-07 |
|            18270.0 | 3.521e-07 |
|            18280.0 | 3.525e-07 |
|            18290.0 | 3.529e-07 |
|            18300.0 | 3.534e-07 |
|            18310.0 | 3.538e-07 |
|            18320.0 | 3.543e-07 |
|            18330.0 | 3.547e-07 |
|            18340.0 | 3.551e-07 |
|            18350.0 | 3.556e-07 |
|            18360.0 | 3.560e-07 |
|            18370.0 | 3.564e-07 |
|            18380.0 | 3.569e-07 |
|            18390.0 | 3.573e-07 |
|            18400.0 | 3.578e-07 |
|            18410.0 | 3.582e-07 |
|            18420.0 | 3.586e-07 |
|            18430.0 | 3.591e-07 |
|            18440.0 | 3.595e-07 |
|            18450.0 | 3.600e-07 |
|            18460.0 | 3.604e-07 |
|            18470.0 | 3.609e-07 |
|            18480.0 | 3.613e-07 |
|            18490.0 | 3.617e-07 |
|            18500.0 | 3.622e-07 |
|            18510.0 | 3.626e-07 |
|            18520.0 | 3.631e-07 |
|            18530.0 | 3.635e-07 |
|            18540.0 | 3.640e-07 |
|            18550.0 | 3.644e-07 |
|            18560.0 | 3.648e-07 |
|            18570.0 | 3.653e-07 |
|            18580.0 | 3.657e-07 |
|            18590.0 | 3.662e-07 |
|            18600.0 | 3.666e-07 |
|            18610.0 | 3.671e-07 |
|            18620.0 | 3.675e-07 |
|            18630.0 | 3.680e-07 |
|            18640.0 | 3.684e-07 |
|            18650.0 | 3.689e-07 |
|            18660.0 | 3.693e-07 |
|            18670.0 | 3.698e-07 |
|            18680.0 | 3.702e-07 |
|            18690.0 | 3.707e-07 |
|            18700.0 | 3.711e-07 |
|            18710.0 | 3.716e-07 |
|            18720.0 | 3.720e-07 |
|            18730.0 | 3.725e-07 |
|            18740.0 | 3.729e-07 |
|            18750.0 | 3.734e-07 |
|            18760.0 | 3.738e-07 |
|            18770.0 | 3.743e-07 |
|            18780.0 | 3.747e-07 |
|            18790.0 | 3.752e-07 |
|            18800.0 | 3.756e-07 |
|            18810.0 | 3.761e-07 |
|            18820.0 | 3.765e-07 |
|            18830.0 | 3.770e-07 |
|            18840.0 | 3.774e-07 |
|            18850.0 | 3.779e-07 |
|            18860.0 | 3.783e-07 |
|            18870.0 | 3.788e-07 |
|            18880.0 | 3.792e-07 |
|            18890.0 | 3.797e-07 |
|            18900.0 | 3.802e-07 |
|            18910.0 | 3.806e-07 |
|            18920.0 | 3.811e-07 |
|            18930.0 | 3.815e-07 |
|            18940.0 | 3.820e-07 |
|            18950.0 | 3.824e-07 |
|            18960.0 | 3.829e-07 |
|            18970.0 | 3.833e-07 |
|            18980.0 | 3.838e-07 |
|            18990.0 | 3.843e-07 |
|            19000.0 | 3.847e-07 |
|            19010.0 | 3.852e-07 |
|            19020.0 | 3.856e-07 |
|            19030.0 | 3.861e-07 |
|            19040.0 | 3.866e-07 |
|            19050.0 | 3.870e-07 |
|            19060.0 | 3.875e-07 |
|            19070.0 | 3.879e-07 |
|            19080.0 | 3.884e-07 |
|            19090.0 | 3.889e-07 |
|            19100.0 | 3.893e-07 |
|            19110.0 | 3.898e-07 |
|            19120.0 | 3.902e-07 |
| 19129.999999999996 | 3.907e-07 |
|            19140.0 | 3.912e-07 |
|            19150.0 | 3.916e-07 |
|            19160.0 | 3.921e-07 |
|            19170.0 | 3.926e-07 |
|            19180.0 | 3.930e-07 |
| 19189.999999999996 | 3.935e-07 |
|            19200.0 | 3.939e-07 |
|            19210.0 | 3.944e-07 |
|            19220.0 | 3.949e-07 |
|            19230.0 | 3.953e-07 |
| 19239.999999999996 | 3.958e-07 |
|            19250.0 | 3.963e-07 |
|            19260.0 | 3.967e-07 |
|            19270.0 | 3.972e-07 |
|            19280.0 | 3.977e-07 |
|            19290.0 | 3.981e-07 |
| 19299.999999999996 | 3.986e-07 |
|            19310.0 | 3.991e-07 |
|            19320.0 | 3.995e-07 |
|            19330.0 | 4.000e-07 |
|            19340.0 | 4.005e-07 |
|            19350.0 | 4.009e-07 |
| 19359.999999999996 | 4.014e-07 |
|            19370.0 | 4.019e-07 |
|            19380.0 | 4.024e-07 |
|            19390.0 | 4.028e-07 |
|            19400.0 | 4.033e-07 |
| 19409.999999999996 | 4.038e-07 |
|            19420.0 | 4.042e-07 |
|            19430.0 | 4.047e-07 |
|            19440.0 | 4.052e-07 |
|            19450.0 | 4.056e-07 |
|            19460.0 | 4.061e-07 |
| 19469.999999999996 | 4.066e-07 |
|            19480.0 | 4.071e-07 |
|            19490.0 | 4.075e-07 |
|            19500.0 | 4.080e-07 |
|            19510.0 | 4.085e-07 |
| 19519.999999999996 | 4.090e-07 |
| 19529.999999999996 | 4.094e-07 |
|            19540.0 | 4.099e-07 |
|            19550.0 | 4.104e-07 |
|            19560.0 | 4.109e-07 |
|            19570.0 | 4.113e-07 |
| 19579.999999999996 | 4.118e-07 |
|            19590.0 | 4.123e-07 |
|            19600.0 | 4.128e-07 |
|            19610.0 | 4.132e-07 |
|            19620.0 | 4.137e-07 |
|            19630.0 | 4.142e-07 |
| 19639.999999999996 | 4.147e-07 |
|            19650.0 | 4.151e-07 |
|            19660.0 | 4.156e-07 |
|            19670.0 | 4.161e-07 |
|            19680.0 | 4.166e-07 |
| 19689.999999999996 | 4.171e-07 |
|            19700.0 | 4.175e-07 |
|            19710.0 | 4.180e-07 |
|            19720.0 | 4.185e-07 |
|            19730.0 | 4.190e-07 |
|            19740.0 | 4.195e-07 |
| 19749.999999999996 | 4.199e-07 |
|            19760.0 | 4.204e-07 |
|            19770.0 | 4.209e-07 |
|            19780.0 | 4.214e-07 |
|            19790.0 | 4.219e-07 |
|            19800.0 | 4.223e-07 |
| 19809.999999999996 | 4.228e-07 |
|            19820.0 | 4.233e-07 |
|            19830.0 | 4.238e-07 |
|            19840.0 | 4.243e-07 |
|            19850.0 | 4.248e-07 |
| 19859.999999999996 | 4.252e-07 |
|            19870.0 | 4.257e-07 |
|            19880.0 | 4.262e-07 |
|            19890.0 | 4.267e-07 |
|            19900.0 | 4.272e-07 |
|            19910.0 | 4.277e-07 |
| 19919.999999999996 | 4.282e-07 |
|            19930.0 | 4.286e-07 |
|            19940.0 | 4.291e-07 |
|            19950.0 | 4.296e-07 |
|            19960.0 | 4.301e-07 |
|            19970.0 | 4.306e-07 |
| 19979.999999999996 | 4.311e-07 |
|            19990.0 | 4.316e-07 |
|            20000.0 | 4.320e-07 |
