|                 wl |      k_tot |
|              500.0 |  3.484e+01 |
| 509.99999999999994 |  3.681e+01 |
|              520.0 |  3.884e+01 |
|              530.0 |  4.094e+01 |
|              540.0 |  4.311e+01 |
|              550.0 |  4.534e+01 |
|              560.0 |  4.765e+01 |
|              570.0 |  5.003e+01 |
|              580.0 |  5.248e+01 |
|              590.0 |  5.501e+01 |
|              600.0 |  5.760e+01 |
|  609.9999999999999 |  6.028e+01 |
|              620.0 |  6.302e+01 |
|              630.0 |  6.584e+01 |
|              640.0 |  6.874e+01 |
|              650.0 |  7.171e+01 |
|              660.0 |  7.476e+01 |
|              670.0 |  7.789e+01 |
|              680.0 |  8.109e+01 |
|              690.0 |  8.438e+01 |
|              700.0 |  8.774e+01 |
|              710.0 |  9.118e+01 |
|              720.0 |  9.471e+01 |
|              730.0 |  9.831e+01 |
|              740.0 |  1.020e+02 |
|              750.0 |  1.058e+02 |
|              760.0 |  1.096e+02 |
|              770.0 |  1.135e+02 |
|              780.0 |  1.176e+02 |
|              790.0 |  1.217e+02 |
|              800.0 |  1.258e+02 |
|              810.0 |  1.301e+02 |
|              820.0 |  1.345e+02 |
|              830.0 |  1.389e+02 |
|              840.0 |  1.434e+02 |
|              850.0 |  1.480e+02 |
|              860.0 |  1.527e+02 |
|              870.0 |  1.575e+02 |
|              880.0 |  1.624e+02 |
|              890.0 |  1.673e+02 |
|              900.0 |  1.724e+02 |
|              910.0 |  1.775e+02 |
|              920.0 |  1.827e+02 |
|              930.0 |  1.880e+02 |
|              940.0 |  1.934e+02 |
|              950.0 |  1.989e+02 |
|  959.9999999999999 |  2.045e+02 |
|              970.0 |  2.101e+02 |
|              980.0 |  2.159e+02 |
|  989.9999999999999 |  2.217e+02 |
|             1000.0 |  2.276e+02 |
|             1010.0 |  2.337e+02 |
| 1019.9999999999999 |  2.398e+02 |
|             1030.0 |  2.460e+02 |
|             1040.0 |  2.522e+02 |
|             1050.0 |  2.586e+02 |
|             1060.0 |  2.651e+02 |
|             1070.0 |  2.716e+02 |
|             1080.0 |  2.783e+02 |
|             1090.0 |  2.850e+02 |
|             1100.0 |  2.919e+02 |
|             1110.0 |  2.988e+02 |
|             1120.0 |  3.058e+02 |
|             1130.0 |  3.129e+02 |
|             1140.0 |  3.201e+02 |
|             1150.0 |  3.274e+02 |
|             1160.0 |  3.347e+02 |
|             1170.0 |  3.422e+02 |
|             1180.0 |  3.497e+02 |
|             1190.0 |  3.574e+02 |
|             1200.0 |  3.651e+02 |
| 1209.9999999999998 |  3.729e+02 |
| 1219.9999999999998 |  3.809e+02 |
|             1230.0 |  3.889e+02 |
|             1240.0 |  3.970e+02 |
|             1250.0 |  4.051e+02 |
|             1260.0 |  4.134e+02 |
| 1269.9999999999998 |  4.218e+02 |
|             1280.0 |  4.302e+02 |
|             1290.0 |  4.388e+02 |
|             1300.0 |  4.474e+02 |
|             1310.0 |  4.561e+02 |
|             1320.0 |  4.649e+02 |
| 1329.9999999999998 |  4.738e+02 |
|             1340.0 |  4.828e+02 |
|             1350.0 |  4.919e+02 |
|             1360.0 |  5.010e+02 |
|             1370.0 |  5.103e+02 |
|             1380.0 |  5.196e+02 |
| 1389.9999999999998 |  5.290e+02 |
|             1400.0 |  5.385e+02 |
|             1410.0 |  5.481e+02 |
|             1420.0 |  5.578e+02 |
|             1430.0 |  5.676e+02 |
|             1440.0 |  5.774e+02 |
| 1449.9999999999998 |  5.874e+02 |
|             1460.0 |  5.974e+02 |
|             1470.0 |  6.075e+02 |
|             1480.0 |  6.177e+02 |
|             1490.0 |  6.280e+02 |
|             1500.0 |  6.383e+02 |
| 1509.9999999999998 |  6.487e+02 |
|             1520.0 |  6.593e+02 |
|             1530.0 |  6.699e+02 |
|             1540.0 |  6.806e+02 |
|             1550.0 |  6.913e+02 |
|             1560.0 |  7.022e+02 |
| 1569.9999999999998 |  7.131e+02 |
|             1580.0 |  7.241e+02 |
|             1590.0 |  7.352e+02 |
|             1600.0 |  7.463e+02 |
|             1610.0 |  7.576e+02 |
|             1620.0 |  7.689e+02 |
| 1629.9999999999998 |  7.803e+02 |
|             1640.0 |  7.918e+02 |
|             1650.0 |  8.033e+02 |
|             1660.0 |  8.150e+02 |
|             1670.0 |  8.267e+02 |
|             1680.0 |  8.384e+02 |
| 1689.9999999999998 |  8.503e+02 |
|             1700.0 |  8.622e+02 |
|             1710.0 |  8.742e+02 |
|             1720.0 |  8.863e+02 |
|             1730.0 |  8.984e+02 |
|             1740.0 |  9.106e+02 |
| 1749.9999999999998 |  9.229e+02 |
|             1760.0 |  9.352e+02 |
|             1770.0 |  9.477e+02 |
|             1780.0 |  9.601e+02 |
|             1790.0 |  9.727e+02 |
|             1800.0 |  9.853e+02 |
| 1809.9999999999998 |  9.980e+02 |
|             1820.0 |  1.011e+03 |
|             1830.0 |  1.024e+03 |
|             1840.0 |  1.036e+03 |
|             1850.0 |  1.049e+03 |
|             1860.0 |  1.062e+03 |
| 1869.9999999999998 |  1.075e+03 |
|             1880.0 |  1.089e+03 |
|             1890.0 |  1.102e+03 |
|             1900.0 |  1.115e+03 |
|             1910.0 |  1.128e+03 |
| 1919.9999999999998 |  1.142e+03 |
| 1929.9999999999998 |  1.155e+03 |
|             1940.0 |  1.169e+03 |
|             1950.0 |  1.182e+03 |
|             1960.0 |  1.196e+03 |
|             1970.0 |  1.209e+03 |
| 1979.9999999999998 |  1.223e+03 |
| 1989.9999999999998 |  1.237e+03 |
|             2000.0 |  1.251e+03 |
|             2010.0 |  1.264e+03 |
|             2020.0 |  1.278e+03 |
|             2030.0 |  1.292e+03 |
| 2039.9999999999998 |  1.306e+03 |
|             2050.0 |  1.320e+03 |
|             2060.0 |  1.334e+03 |
|             2070.0 |  1.349e+03 |
|             2080.0 |  1.363e+03 |
|             2090.0 |  1.377e+03 |
|             2100.0 |  1.391e+03 |
|             2110.0 |  1.406e+03 |
|             2120.0 |  1.420e+03 |
|             2130.0 |  1.434e+03 |
|             2140.0 |  1.449e+03 |
|             2150.0 |  1.463e+03 |
|             2160.0 |  1.478e+03 |
|             2170.0 |  1.492e+03 |
|             2180.0 |  1.507e+03 |
|             2190.0 |  1.521e+03 |
|             2200.0 |  1.536e+03 |
|             2210.0 |  1.551e+03 |
|             2220.0 |  1.565e+03 |
|             2230.0 |  1.580e+03 |
|             2240.0 |  1.595e+03 |
|             2250.0 |  1.610e+03 |
|             2260.0 |  1.624e+03 |
|             2270.0 |  1.639e+03 |
|             2280.0 |  1.654e+03 |
|             2290.0 |  1.669e+03 |
|             2300.0 |  1.684e+03 |
|             2310.0 |  1.699e+03 |
|             2320.0 |  1.714e+03 |
|             2330.0 |  1.729e+03 |
|             2340.0 |  1.743e+03 |
|             2350.0 |  1.758e+03 |
|             2360.0 |  1.773e+03 |
|             2370.0 |  1.788e+03 |
|             2380.0 |  1.803e+03 |
|             2390.0 |  1.818e+03 |
|             2400.0 |  1.833e+03 |
|             2410.0 |  1.849e+03 |
| 2419.9999999999995 |  1.864e+03 |
|             2430.0 |  1.879e+03 |
| 2439.9999999999995 |  1.894e+03 |
|             2450.0 |  1.909e+03 |
|             2460.0 |  1.924e+03 |
|             2470.0 |  1.939e+03 |
|             2480.0 |  1.954e+03 |
| 2489.9999999999995 |  1.969e+03 |
|             2500.0 |  1.984e+03 |
|             2510.0 |  1.999e+03 |
|             2520.0 |  2.014e+03 |
|             2530.0 |  2.029e+03 |
| 2539.9999999999995 |  2.044e+03 |
|             2550.0 |  2.059e+03 |
|             2560.0 |  2.074e+03 |
|             2570.0 |  2.089e+03 |
|             2580.0 |  2.104e+03 |
|             2590.0 |  2.119e+03 |
|             2600.0 |  2.134e+03 |
| 2609.9999999999995 |  2.149e+03 |
|             2620.0 |  2.164e+03 |
|             2630.0 |  2.179e+03 |
|             2640.0 |  2.193e+03 |
|             2650.0 |  2.208e+03 |
| 2659.9999999999995 |  2.223e+03 |
|             2670.0 |  2.238e+03 |
|             2680.0 |  2.253e+03 |
|             2690.0 |  2.267e+03 |
|             2700.0 |  2.282e+03 |
|             2710.0 |  2.297e+03 |
|             2720.0 |  2.311e+03 |
| 2729.9999999999995 |  2.326e+03 |
|             2740.0 |  2.340e+03 |
|             2750.0 |  2.355e+03 |
|             2760.0 |  2.369e+03 |
|             2770.0 |  2.384e+03 |
| 2779.9999999999995 |  2.398e+03 |
|             2790.0 |  2.412e+03 |
|             2800.0 |  2.427e+03 |
|             2810.0 |  2.441e+03 |
|             2820.0 |  2.455e+03 |
|             2830.0 |  2.469e+03 |
|             2840.0 |  2.483e+03 |
| 2849.9999999999995 |  2.497e+03 |
|             2860.0 |  2.511e+03 |
|             2870.0 |  2.525e+03 |
|             2880.0 |  2.539e+03 |
|             2890.0 |  2.553e+03 |
| 2899.9999999999995 |  2.566e+03 |
|             2910.0 |  2.580e+03 |
|             2920.0 |  2.594e+03 |
|             2930.0 |  2.607e+03 |
|             2940.0 |  2.621e+03 |
|             2950.0 |  2.634e+03 |
|             2960.0 |  2.647e+03 |
| 2969.9999999999995 |  2.660e+03 |
|             2980.0 |  2.674e+03 |
|             2990.0 |  2.687e+03 |
|             3000.0 |  2.700e+03 |
|             3010.0 |  2.712e+03 |
| 3019.9999999999995 |  2.725e+03 |
|             3030.0 |  2.738e+03 |
|             3040.0 |  2.751e+03 |
|             3050.0 |  2.763e+03 |
|             3060.0 |  2.776e+03 |
|             3070.0 |  2.788e+03 |
|             3080.0 |  2.800e+03 |
| 3089.9999999999995 |  2.812e+03 |
|             3100.0 |  2.825e+03 |
|             3110.0 |  2.837e+03 |
|             3120.0 |  2.848e+03 |
|             3130.0 |  2.860e+03 |
| 3139.9999999999995 |  2.872e+03 |
|             3150.0 |  2.883e+03 |
|             3160.0 |  2.895e+03 |
|             3170.0 |  2.906e+03 |
|             3180.0 |  2.917e+03 |
| 3189.9999999999995 |  2.929e+03 |
|             3200.0 |  2.940e+03 |
| 3209.9999999999995 |  2.950e+03 |
|             3220.0 |  2.961e+03 |
|             3230.0 |  2.972e+03 |
|             3240.0 |  2.982e+03 |
|             3250.0 |  2.993e+03 |
| 3259.9999999999995 |  3.003e+03 |
|             3270.0 |  3.013e+03 |
|             3280.0 |  3.023e+03 |
|             3290.0 |  3.033e+03 |
|             3300.0 |  3.043e+03 |
| 3309.9999999999995 |  3.052e+03 |
|             3320.0 |  3.062e+03 |
| 3329.9999999999995 |  3.071e+03 |
|             3340.0 |  3.080e+03 |
|             3350.0 |  3.089e+03 |
|             3360.0 |  3.098e+03 |
|             3370.0 |  3.107e+03 |
| 3379.9999999999995 |  3.115e+03 |
|             3390.0 |  3.124e+03 |
|             3400.0 |  3.132e+03 |
|             3410.0 |  3.140e+03 |
|             3420.0 |  3.148e+03 |
| 3429.9999999999995 |  3.156e+03 |
|             3440.0 |  3.163e+03 |
| 3449.9999999999995 |  3.171e+03 |
|             3460.0 |  3.178e+03 |
|             3470.0 |  3.185e+03 |
|             3480.0 |  3.192e+03 |
|             3490.0 |  3.199e+03 |
| 3499.9999999999995 |  3.205e+03 |
|             3510.0 |  3.212e+03 |
|             3520.0 |  3.218e+03 |
|             3530.0 |  3.224e+03 |
|             3540.0 |  3.230e+03 |
| 3549.9999999999995 |  3.235e+03 |
|             3560.0 |  3.241e+03 |
| 3569.9999999999995 |  3.246e+03 |
|             3580.0 |  3.251e+03 |
|             3590.0 |  3.256e+03 |
|             3600.0 |  3.261e+03 |
|             3610.0 |  3.265e+03 |
| 3619.9999999999995 |  3.269e+03 |
|             3630.0 |  3.273e+03 |
|             3640.0 |  3.277e+03 |
|             3650.0 |  3.281e+03 |
|             3660.0 |  3.284e+03 |
| 3669.9999999999995 |  3.288e+03 |
|             3680.0 |  3.291e+03 |
| 3689.9999999999995 |  3.293e+03 |
|             3700.0 |  3.296e+03 |
|             3710.0 |  3.298e+03 |
|             3720.0 |  3.300e+03 |
|             3730.0 |  3.302e+03 |
| 3739.9999999999995 |  3.304e+03 |
|             3750.0 |  3.305e+03 |
|             3760.0 |  3.307e+03 |
|             3770.0 |  3.308e+03 |
|             3780.0 |  3.308e+03 |
| 3789.9999999999995 |  3.309e+03 |
|             3800.0 |  3.309e+03 |
| 3809.9999999999995 |  3.309e+03 |
|             3820.0 |  3.309e+03 |
|             3830.0 |  3.308e+03 |
| 3839.9999999999995 |  3.307e+03 |
|             3850.0 |  3.306e+03 |
| 3859.9999999999995 |  3.305e+03 |
|             3870.0 |  3.303e+03 |
|             3880.0 |  3.302e+03 |
|             3890.0 |  3.300e+03 |
|             3900.0 |  3.297e+03 |
| 3909.9999999999995 |  3.295e+03 |
|             3920.0 |  3.292e+03 |
|             3930.0 |  3.289e+03 |
|             3940.0 |  3.285e+03 |
|             3950.0 |  3.281e+03 |
| 3959.9999999999995 |  3.277e+03 |
|             3970.0 |  3.273e+03 |
| 3979.9999999999995 |  3.268e+03 |
|             3990.0 |  3.264e+03 |
|             4000.0 |  3.258e+03 |
|             4010.0 |  3.253e+03 |
|             4020.0 |  3.247e+03 |
| 4029.9999999999995 |  3.241e+03 |
|             4040.0 |  3.235e+03 |
|             4050.0 |  3.228e+03 |
|             4060.0 |  3.221e+03 |
|             4070.0 |  3.214e+03 |
| 4079.9999999999995 |  3.206e+03 |
|             4090.0 |  3.198e+03 |
|             4100.0 |  3.190e+03 |
|             4110.0 |  3.182e+03 |
|             4120.0 |  3.173e+03 |
|             4130.0 |  3.164e+03 |
|             4140.0 |  3.154e+03 |
|             4150.0 |  3.144e+03 |
|             4160.0 |  3.134e+03 |
|             4170.0 |  3.123e+03 |
|             4180.0 |  3.113e+03 |
|             4190.0 |  3.101e+03 |
|             4200.0 |  3.090e+03 |
|             4210.0 |  3.078e+03 |
|             4220.0 |  3.066e+03 |
|             4230.0 |  3.053e+03 |
|             4240.0 |  3.040e+03 |
|             4250.0 |  3.027e+03 |
|             4260.0 |  3.013e+03 |
|             4270.0 |  2.999e+03 |
|             4280.0 |  2.985e+03 |
|             4290.0 |  2.970e+03 |
|             4300.0 |  2.955e+03 |
|             4310.0 |  2.939e+03 |
|             4320.0 |  2.923e+03 |
|             4330.0 |  2.907e+03 |
|             4340.0 |  2.891e+03 |
|             4350.0 |  2.874e+03 |
|             4360.0 |  2.856e+03 |
|             4370.0 |  2.838e+03 |
|             4380.0 |  2.820e+03 |
|             4390.0 |  2.802e+03 |
|             4400.0 |  2.783e+03 |
|             4410.0 |  2.763e+03 |
|             4420.0 |  2.743e+03 |
|             4430.0 |  2.723e+03 |
|             4440.0 |  2.703e+03 |
|             4450.0 |  2.682e+03 |
|             4460.0 |  2.660e+03 |
|             4470.0 |  2.638e+03 |
|             4480.0 |  2.616e+03 |
|             4490.0 |  2.594e+03 |
|             4500.0 |  2.570e+03 |
|             4510.0 |  2.547e+03 |
|             4520.0 |  2.523e+03 |
|             4530.0 |  2.499e+03 |
|             4540.0 |  2.474e+03 |
|             4550.0 |  2.448e+03 |
|             4560.0 |  2.423e+03 |
|             4570.0 |  2.397e+03 |
|             4580.0 |  2.370e+03 |
|             4590.0 |  2.343e+03 |
|             4600.0 |  2.315e+03 |
|             4610.0 |  2.288e+03 |
|             4620.0 |  2.259e+03 |
|             4630.0 |  2.230e+03 |
|             4640.0 |  2.201e+03 |
|             4650.0 |  2.171e+03 |
|             4660.0 |  2.141e+03 |
|             4670.0 |  2.110e+03 |
|             4680.0 |  2.079e+03 |
|             4690.0 |  2.047e+03 |
|             4700.0 |  2.015e+03 |
|             4710.0 |  1.982e+03 |
|             4720.0 |  1.949e+03 |
|             4730.0 |  1.915e+03 |
|             4740.0 |  1.881e+03 |
|             4750.0 |  1.847e+03 |
|             4760.0 |  1.811e+03 |
|             4770.0 |  1.776e+03 |
|             4780.0 |  1.740e+03 |
|             4790.0 |  1.703e+03 |
|             4800.0 |  1.666e+03 |
|  4809.999999999999 |  1.628e+03 |
|             4820.0 |  1.590e+03 |
|             4830.0 |  1.551e+03 |
|  4839.999999999999 |  1.512e+03 |
|             4850.0 |  1.472e+03 |
|             4860.0 |  1.432e+03 |
|             4870.0 |  1.391e+03 |
|  4879.999999999999 |  1.350e+03 |
|             4890.0 |  1.308e+03 |
|             4900.0 |  1.265e+03 |
|  4909.999999999999 |  1.222e+03 |
|             4920.0 |  1.179e+03 |
|             4930.0 |  1.135e+03 |
|             4940.0 |  1.090e+03 |
|             4950.0 |  1.045e+03 |
|             4960.0 |  9.991e+02 |
|             4970.0 |  9.528e+02 |
|  4979.999999999999 |  9.059e+02 |
|             4990.0 |  8.584e+02 |
|             5000.0 |  8.104e+02 |
|             5010.0 |  7.618e+02 |
|             5020.0 |  7.126e+02 |
|             5030.0 |  6.629e+02 |
|             5040.0 |  6.125e+02 |
|  5049.999999999999 |  5.616e+02 |
|             5060.0 |  5.100e+02 |
|             5070.0 |  4.579e+02 |
|  5079.999999999999 |  4.052e+02 |
|             5090.0 |  3.519e+02 |
|             5100.0 |  2.980e+02 |
|             5110.0 |  2.434e+02 |
|             5120.0 |  1.883e+02 |
|             5130.0 |  1.326e+02 |
|             5140.0 |  7.619e+01 |
|  5149.999999999999 |  1.921e+01 |
|             5160.0 | -3.839e+01 |
|             5170.0 | -9.662e+01 |
|             5180.0 | -1.555e+02 |
|             5190.0 | -2.150e+02 |
|             5200.0 | -2.751e+02 |
|             5210.0 | -3.359e+02 |
|  5219.999999999999 | -3.973e+02 |
|             5230.0 | -4.593e+02 |
|             5240.0 | -5.220e+02 |
|             5250.0 | -5.853e+02 |
|             5260.0 | -6.493e+02 |
|             5270.0 | -7.140e+02 |
|             5280.0 | -7.793e+02 |
|  5289.999999999999 | -8.453e+02 |
|             5300.0 | -9.119e+02 |
|             5310.0 | -9.792e+02 |
|  5319.999999999999 | -1.047e+03 |
|             5330.0 | -1.116e+03 |
|             5340.0 | -1.185e+03 |
|             5350.0 | -1.255e+03 |
|             5360.0 | -1.326e+03 |
|             5370.0 | -1.397e+03 |
|             5380.0 | -1.469e+03 |
|  5389.999999999999 | -1.542e+03 |
|             5400.0 | -1.616e+03 |
|             5410.0 | -1.690e+03 |
|             5420.0 | -1.765e+03 |
|             5430.0 | -1.840e+03 |
|             5440.0 | -1.917e+03 |
|             5450.0 | -1.994e+03 |
|  5459.999999999999 | -2.072e+03 |
|             5470.0 | -2.150e+03 |
|             5480.0 | -2.229e+03 |
|  5489.999999999999 | -2.309e+03 |
|             5500.0 | -2.390e+03 |
|             5510.0 | -2.471e+03 |
|             5520.0 | -2.553e+03 |
|  5529.999999999999 | -2.636e+03 |
|             5540.0 | -2.720e+03 |
|             5550.0 | -2.804e+03 |
|  5559.999999999999 | -2.889e+03 |
|             5570.0 | -2.975e+03 |
|             5580.0 | -3.062e+03 |
|             5590.0 | -3.149e+03 |
|             5600.0 | -3.237e+03 |
|             5610.0 | -3.326e+03 |
|             5620.0 | -3.416e+03 |
|  5629.999999999999 | -3.506e+03 |
|             5640.0 | -3.598e+03 |
|             5650.0 | -3.690e+03 |
|             5660.0 | -3.783e+03 |
|             5670.0 | -3.876e+03 |
|             5680.0 | -3.971e+03 |
|             5690.0 | -4.066e+03 |
|  5699.999999999999 | -4.162e+03 |
|             5710.0 | -4.259e+03 |
|             5720.0 | -4.356e+03 |
|  5729.999999999999 | -4.455e+03 |
|             5740.0 | -4.554e+03 |
|             5750.0 | -4.654e+03 |
|             5760.0 | -4.755e+03 |
|  5769.999999999999 | -4.856e+03 |
|             5780.0 | -4.959e+03 |
|             5790.0 | -5.062e+03 |
|  5799.999999999999 | -5.166e+03 |
|             5810.0 | -5.271e+03 |
|             5820.0 | -5.377e+03 |
|             5830.0 | -5.484e+03 |
|             5840.0 | -5.592e+03 |
|             5850.0 | -5.700e+03 |
|             5860.0 | -5.809e+03 |
|  5869.999999999999 | -5.919e+03 |
|             5880.0 | -6.030e+03 |
|             5890.0 | -6.142e+03 |
|             5900.0 | -6.255e+03 |
|             5910.0 | -6.368e+03 |
|             5920.0 | -6.483e+03 |
|             5930.0 | -6.598e+03 |
|  5939.999999999999 | -6.714e+03 |
|             5950.0 | -6.831e+03 |
|             5960.0 | -6.949e+03 |
|  5969.999999999999 | -7.068e+03 |
|             5980.0 | -7.188e+03 |
|             5990.0 | -7.309e+03 |
|             6000.0 | -7.430e+03 |
|  6009.999999999999 | -7.553e+03 |
|             6020.0 | -7.676e+03 |
|             6030.0 | -7.800e+03 |
|  6039.999999999999 | -7.926e+03 |
|             6050.0 | -8.052e+03 |
|             6060.0 | -8.179e+03 |
|             6070.0 | -8.307e+03 |
|             6080.0 | -8.436e+03 |
|             6090.0 | -8.566e+03 |
|             6100.0 | -8.696e+03 |
|  6109.999999999999 | -8.828e+03 |
|             6120.0 | -8.961e+03 |
|             6130.0 | -9.094e+03 |
|             6140.0 | -9.229e+03 |
|             6150.0 | -9.364e+03 |
|             6160.0 | -9.501e+03 |
|             6170.0 | -9.638e+03 |
|  6179.999999999999 | -9.777e+03 |
|             6190.0 | -9.916e+03 |
|             6200.0 | -1.006e+04 |
|  6209.999999999999 | -1.020e+04 |
|             6220.0 | -1.034e+04 |
|             6230.0 | -1.048e+04 |
|             6240.0 | -1.063e+04 |
|  6249.999999999999 | -1.077e+04 |
|             6260.0 | -1.092e+04 |
|             6270.0 | -1.107e+04 |
|  6279.999999999999 | -1.121e+04 |
|             6290.0 | -1.136e+04 |
|             6300.0 | -1.151e+04 |
|             6310.0 | -1.167e+04 |
|             6320.0 | -1.182e+04 |
|             6330.0 | -1.197e+04 |
|             6340.0 | -1.213e+04 |
|  6349.999999999999 | -1.228e+04 |
|             6360.0 | -1.244e+04 |
|             6370.0 | -1.260e+04 |
|  6379.999999999999 | -1.275e+04 |
|             6390.0 | -1.291e+04 |
|             6400.0 | -1.307e+04 |
|             6410.0 | -1.324e+04 |
|  6419.999999999999 | -1.340e+04 |
|             6430.0 | -1.356e+04 |
|             6440.0 | -1.373e+04 |
|  6449.999999999999 | -1.389e+04 |
|             6460.0 | -1.406e+04 |
|             6470.0 | -1.423e+04 |
|             6480.0 | -1.440e+04 |
|             6490.0 | -1.457e+04 |
|             6500.0 | -1.474e+04 |
|             6510.0 | -1.491e+04 |
|  6519.999999999999 | -1.508e+04 |
|             6530.0 | -1.526e+04 |
|             6540.0 | -1.543e+04 |
|             6550.0 | -1.561e+04 |
|             6560.0 | -1.579e+04 |
|             6570.0 | -1.597e+04 |
|             6580.0 | -1.615e+04 |
|  6589.999999999999 | -1.633e+04 |
|             6600.0 | -1.651e+04 |
|             6610.0 | -1.669e+04 |
|  6619.999999999999 | -1.688e+04 |
|             6630.0 | -1.706e+04 |
|             6640.0 | -1.725e+04 |
|             6650.0 | -1.744e+04 |
|  6659.999999999999 | -1.763e+04 |
|             6670.0 | -1.782e+04 |
|             6680.0 | -1.801e+04 |
|  6689.999999999999 | -1.820e+04 |
|             6700.0 | -1.840e+04 |
|             6710.0 | -1.859e+04 |
|             6720.0 | -1.879e+04 |
|             6730.0 | -1.898e+04 |
|             6740.0 | -1.918e+04 |
|             6750.0 | -1.938e+04 |
|  6759.999999999999 | -1.958e+04 |
|             6770.0 | -1.978e+04 |
|             6780.0 | -1.999e+04 |
|             6790.0 | -2.019e+04 |
|             6800.0 | -2.040e+04 |
|             6810.0 | -2.060e+04 |
|             6820.0 | -2.081e+04 |
|  6829.999999999999 | -2.102e+04 |
|             6840.0 | -2.123e+04 |
|             6850.0 | -2.144e+04 |
|  6859.999999999999 | -2.166e+04 |
|             6870.0 | -2.187e+04 |
|             6880.0 | -2.208e+04 |
|             6890.0 | -2.230e+04 |
|  6899.999999999999 | -2.252e+04 |
|             6910.0 | -2.274e+04 |
|             6920.0 | -2.296e+04 |
|  6929.999999999999 | -2.318e+04 |
|             6940.0 | -2.340e+04 |
|             6950.0 | -2.362e+04 |
|             6960.0 | -2.385e+04 |
|             6970.0 | -2.408e+04 |
|             6980.0 | -2.430e+04 |
|             6990.0 | -2.453e+04 |
|  6999.999999999999 | -2.476e+04 |
|             7010.0 | -2.499e+04 |
|             7020.0 | -2.523e+04 |
|  7029.999999999999 | -2.546e+04 |
|             7040.0 | -2.570e+04 |
|             7050.0 | -2.593e+04 |
|             7060.0 | -2.617e+04 |
|  7069.999999999999 | -2.641e+04 |
|             7080.0 | -2.665e+04 |
|             7090.0 | -2.689e+04 |
|  7099.999999999999 | -2.713e+04 |
|             7110.0 | -2.738e+04 |
|             7120.0 | -2.762e+04 |
|             7130.0 | -2.787e+04 |
|  7139.999999999999 | -2.812e+04 |
|             7150.0 | -2.837e+04 |
|             7160.0 | -2.862e+04 |
|  7169.999999999999 | -2.887e+04 |
|             7180.0 | -2.913e+04 |
|             7190.0 | -2.938e+04 |
|             7200.0 | -2.964e+04 |
|             7210.0 | -2.989e+04 |
|             7220.0 | -3.015e+04 |
|             7230.0 | -3.041e+04 |
|  7239.999999999999 | -3.068e+04 |
|             7250.0 | -3.094e+04 |
|             7260.0 | -3.120e+04 |
|  7269.999999999999 | -3.147e+04 |
|             7280.0 | -3.174e+04 |
|             7290.0 | -3.200e+04 |
|             7300.0 | -3.227e+04 |
|  7309.999999999999 | -3.255e+04 |
|             7320.0 | -3.282e+04 |
|             7330.0 | -3.309e+04 |
|  7339.999999999999 | -3.337e+04 |
|             7350.0 | -3.365e+04 |
|             7360.0 | -3.392e+04 |
|             7370.0 | -3.420e+04 |
|  7379.999999999999 | -3.448e+04 |
|             7390.0 | -3.477e+04 |
|             7400.0 | -3.505e+04 |
|  7409.999999999999 | -3.534e+04 |
|             7420.0 | -3.562e+04 |
|             7430.0 | -3.591e+04 |
|             7440.0 | -3.620e+04 |
|             7450.0 | -3.649e+04 |
|             7460.0 | -3.679e+04 |
|             7470.0 | -3.708e+04 |
|  7479.999999999999 | -3.737e+04 |
|             7490.0 | -3.767e+04 |
|             7500.0 | -3.797e+04 |
|  7509.999999999999 | -3.827e+04 |
|             7520.0 | -3.857e+04 |
|             7530.0 | -3.887e+04 |
|             7540.0 | -3.918e+04 |
|  7549.999999999999 | -3.948e+04 |
|             7560.0 | -3.979e+04 |
|             7570.0 | -4.010e+04 |
|  7579.999999999999 | -4.041e+04 |
|             7590.0 | -4.072e+04 |
|             7600.0 | -4.104e+04 |
|             7610.0 | -4.135e+04 |
|  7619.999999999999 | -4.167e+04 |
|             7630.0 | -4.198e+04 |
|             7640.0 | -4.230e+04 |
|  7649.999999999999 | -4.263e+04 |
|             7660.0 | -4.295e+04 |
|             7670.0 | -4.327e+04 |
|  7679.999999999999 | -4.360e+04 |
|             7690.0 | -4.392e+04 |
|             7700.0 | -4.425e+04 |
|             7710.0 | -4.458e+04 |
|  7719.999999999999 | -4.491e+04 |
|             7730.0 | -4.525e+04 |
|             7740.0 | -4.558e+04 |
|  7749.999999999999 | -4.592e+04 |
|             7760.0 | -4.626e+04 |
|             7770.0 | -4.660e+04 |
|             7780.0 | -4.694e+04 |
|  7789.999999999999 | -4.728e+04 |
|             7800.0 | -4.762e+04 |
|             7810.0 | -4.797e+04 |
|  7819.999999999999 | -4.832e+04 |
|             7830.0 | -4.866e+04 |
|             7840.0 | -4.902e+04 |
|             7850.0 | -4.937e+04 |
|             7860.0 | -4.972e+04 |
|             7870.0 | -5.008e+04 |
|             7880.0 | -5.043e+04 |
|  7889.999999999999 | -5.079e+04 |
|             7900.0 | -5.115e+04 |
|             7910.0 | -5.151e+04 |
|  7919.999999999999 | -5.188e+04 |
|             7930.0 | -5.224e+04 |
|             7940.0 | -5.261e+04 |
|             7950.0 | -5.298e+04 |
|  7959.999999999999 | -5.335e+04 |
|             7970.0 | -5.372e+04 |
|             7980.0 | -5.409e+04 |
|  7989.999999999999 | -5.447e+04 |
|             8000.0 | -5.484e+04 |
|             8010.0 | -5.522e+04 |
|             8020.0 | -5.560e+04 |
|  8029.999999999999 | -5.598e+04 |
|             8040.0 | -5.637e+04 |
|             8050.0 | -5.675e+04 |
|  8059.999999999999 | -5.714e+04 |
|             8070.0 | -5.753e+04 |
|             8080.0 | -5.792e+04 |
|             8090.0 | -5.831e+04 |
|             8100.0 | -5.870e+04 |
|             8110.0 | -5.910e+04 |
|             8120.0 | -5.949e+04 |
|  8129.999999999999 | -5.989e+04 |
|             8140.0 | -6.029e+04 |
|             8150.0 | -6.069e+04 |
|  8159.999999999999 | -6.110e+04 |
|             8170.0 | -6.150e+04 |
|             8180.0 | -6.191e+04 |
|             8190.0 | -6.232e+04 |
|             8200.0 | -6.273e+04 |
|             8210.0 | -6.314e+04 |
|             8220.0 | -6.355e+04 |
|             8230.0 | -6.397e+04 |
|             8240.0 | -6.439e+04 |
|             8250.0 | -6.481e+04 |
|             8260.0 | -6.523e+04 |
|             8270.0 | -6.565e+04 |
|             8280.0 | -6.607e+04 |
|             8290.0 | -6.650e+04 |
|             8300.0 | -6.693e+04 |
|             8310.0 | -6.736e+04 |
|             8320.0 | -6.779e+04 |
|             8330.0 | -6.822e+04 |
|             8340.0 | -6.866e+04 |
|             8350.0 | -6.910e+04 |
|             8360.0 | -6.954e+04 |
|             8370.0 | -6.998e+04 |
|             8380.0 | -7.042e+04 |
|             8390.0 | -7.086e+04 |
|             8400.0 | -7.131e+04 |
|             8410.0 | -7.176e+04 |
|             8420.0 | -7.221e+04 |
|             8430.0 | -7.266e+04 |
|             8440.0 | -7.311e+04 |
|             8450.0 | -7.357e+04 |
|             8460.0 | -7.402e+04 |
|             8470.0 | -7.448e+04 |
|             8480.0 | -7.494e+04 |
|             8490.0 | -7.541e+04 |
|             8500.0 | -7.587e+04 |
|             8510.0 | -7.634e+04 |
|             8520.0 | -7.681e+04 |
|             8530.0 | -7.728e+04 |
|             8540.0 | -7.775e+04 |
|             8550.0 | -7.822e+04 |
|             8560.0 | -7.870e+04 |
|             8570.0 | -7.917e+04 |
|             8580.0 | -7.965e+04 |
|             8590.0 | -8.014e+04 |
|             8600.0 | -8.062e+04 |
|             8610.0 | -8.110e+04 |
|             8620.0 | -8.159e+04 |
|             8630.0 | -8.208e+04 |
|             8640.0 | -8.257e+04 |
|             8650.0 | -8.306e+04 |
|             8660.0 | -8.356e+04 |
|             8670.0 | -8.406e+04 |
|             8680.0 | -8.455e+04 |
|             8690.0 | -8.506e+04 |
|             8700.0 | -8.556e+04 |
|             8710.0 | -8.606e+04 |
|             8720.0 | -8.657e+04 |
|             8730.0 | -8.708e+04 |
|             8740.0 | -8.759e+04 |
|             8750.0 | -8.810e+04 |
|             8760.0 | -8.861e+04 |
|             8770.0 | -8.913e+04 |
|             8780.0 | -8.965e+04 |
|             8790.0 | -9.017e+04 |
|             8800.0 | -9.069e+04 |
|             8810.0 | -9.121e+04 |
|             8820.0 | -9.174e+04 |
|             8830.0 | -9.227e+04 |
|             8840.0 | -9.280e+04 |
|             8850.0 | -9.333e+04 |
|             8860.0 | -9.386e+04 |
|             8870.0 | -9.440e+04 |
|             8880.0 | -9.494e+04 |
|             8890.0 | -9.548e+04 |
|             8900.0 | -9.602e+04 |
|             8910.0 | -9.657e+04 |
|             8920.0 | -9.711e+04 |
|             8930.0 | -9.766e+04 |
|             8940.0 | -9.821e+04 |
|             8950.0 | -9.876e+04 |
|             8960.0 | -9.932e+04 |
|             8970.0 | -9.987e+04 |
|             8980.0 | -1.004e+05 |
|             8990.0 | -1.010e+05 |
|             9000.0 | -1.016e+05 |
|             9010.0 | -1.021e+05 |
|             9020.0 | -1.027e+05 |
|             9030.0 | -1.033e+05 |
|             9040.0 | -1.038e+05 |
|             9050.0 | -1.044e+05 |
|             9060.0 | -1.050e+05 |
|             9070.0 | -1.056e+05 |
|             9080.0 | -1.061e+05 |
|             9090.0 | -1.067e+05 |
|             9100.0 | -1.073e+05 |
|             9110.0 | -1.079e+05 |
|             9120.0 | -1.085e+05 |
|             9130.0 | -1.091e+05 |
|             9140.0 | -1.096e+05 |
|             9150.0 | -1.102e+05 |
|             9160.0 | -1.108e+05 |
|             9170.0 | -1.114e+05 |
|             9180.0 | -1.120e+05 |
|             9190.0 | -1.126e+05 |
|             9200.0 | -1.132e+05 |
|             9210.0 | -1.139e+05 |
|             9220.0 | -1.145e+05 |
|             9230.0 | -1.151e+05 |
|             9240.0 | -1.157e+05 |
|             9250.0 | -1.163e+05 |
|             9260.0 | -1.169e+05 |
|             9270.0 | -1.175e+05 |
|             9280.0 | -1.182e+05 |
|             9290.0 | -1.188e+05 |
|             9300.0 | -1.194e+05 |
|             9310.0 | -1.200e+05 |
|             9320.0 | -1.207e+05 |
|             9330.0 | -1.213e+05 |
|             9340.0 | -1.219e+05 |
|             9350.0 | -1.226e+05 |
|             9360.0 | -1.232e+05 |
|             9370.0 | -1.239e+05 |
|             9380.0 | -1.245e+05 |
|             9390.0 | -1.251e+05 |
|             9400.0 | -1.258e+05 |
|             9410.0 | -1.264e+05 |
|             9420.0 | -1.271e+05 |
|             9430.0 | -1.277e+05 |
|             9440.0 | -1.284e+05 |
|             9450.0 | -1.291e+05 |
|             9460.0 | -1.297e+05 |
|             9470.0 | -1.304e+05 |
|             9480.0 | -1.311e+05 |
|             9490.0 | -1.317e+05 |
|             9500.0 | -1.324e+05 |
|             9510.0 | -1.331e+05 |
|             9520.0 | -1.337e+05 |
|             9530.0 | -1.344e+05 |
|             9540.0 | -1.351e+05 |
|             9550.0 | -1.358e+05 |
|             9560.0 | -1.365e+05 |
|             9570.0 | -1.372e+05 |
|             9580.0 | -1.378e+05 |
|             9590.0 | -1.385e+05 |
|             9600.0 | -1.392e+05 |
|             9610.0 | -1.399e+05 |
|  9619.999999999998 | -1.406e+05 |
|             9630.0 | -1.413e+05 |
|             9640.0 | -1.420e+05 |
|  9649.999999999998 | -1.427e+05 |
|             9660.0 | -1.434e+05 |
|             9670.0 | -1.441e+05 |
|  9679.999999999998 | -1.449e+05 |
|             9690.0 | -1.456e+05 |
|             9700.0 | -1.463e+05 |
|             9710.0 | -1.470e+05 |
|             9720.0 | -1.477e+05 |
|             9730.0 | -1.485e+05 |
|             9740.0 | -1.492e+05 |
|             9750.0 | -1.499e+05 |
|  9759.999999999998 | -1.506e+05 |
|             9770.0 | -1.514e+05 |
|             9780.0 | -1.521e+05 |
|  9789.999999999998 | -1.529e+05 |
|             9800.0 | -1.536e+05 |
|             9810.0 | -1.543e+05 |
|  9819.999999999998 | -1.551e+05 |
|             9830.0 | -1.558e+05 |
|             9840.0 | -1.566e+05 |
|             9850.0 | -1.573e+05 |
|             9860.0 | -1.581e+05 |
|             9870.0 | -1.588e+05 |
|             9880.0 | -1.596e+05 |
|             9890.0 | -1.604e+05 |
|             9900.0 | -1.611e+05 |
|             9910.0 | -1.619e+05 |
|             9920.0 | -1.627e+05 |
|  9929.999999999998 | -1.634e+05 |
|             9940.0 | -1.642e+05 |
|             9950.0 | -1.650e+05 |
|  9959.999999999998 | -1.658e+05 |
|             9970.0 | -1.665e+05 |
|             9980.0 | -1.673e+05 |
|  9989.999999999998 | -1.681e+05 |
|            10000.0 | -1.689e+05 |
|            10010.0 | -1.697e+05 |
|            10020.0 | -1.705e+05 |
|            10030.0 | -1.713e+05 |
|            10040.0 | -1.721e+05 |
|            10050.0 | -1.729e+05 |
|            10060.0 | -1.737e+05 |
|            10070.0 | -1.745e+05 |
|            10080.0 | -1.753e+05 |
|            10090.0 | -1.761e+05 |
| 10099.999999999998 | -1.769e+05 |
|            10110.0 | -1.778e+05 |
|            10120.0 | -1.786e+05 |
| 10129.999999999998 | -1.794e+05 |
|            10140.0 | -1.802e+05 |
|            10150.0 | -1.810e+05 |
| 10159.999999999998 | -1.819e+05 |
|            10170.0 | -1.827e+05 |
|            10180.0 | -1.835e+05 |
|            10190.0 | -1.844e+05 |
|            10200.0 | -1.852e+05 |
|            10210.0 | -1.861e+05 |
|            10220.0 | -1.869e+05 |
|            10230.0 | -1.877e+05 |
|            10240.0 | -1.886e+05 |
|            10250.0 | -1.894e+05 |
|            10260.0 | -1.903e+05 |
| 10269.999999999998 | -1.912e+05 |
|            10280.0 | -1.920e+05 |
|            10290.0 | -1.929e+05 |
| 10299.999999999998 | -1.937e+05 |
|            10310.0 | -1.946e+05 |
|            10320.0 | -1.955e+05 |
| 10329.999999999998 | -1.964e+05 |
|            10340.0 | -1.972e+05 |
|            10350.0 | -1.981e+05 |
|            10360.0 | -1.990e+05 |
|            10370.0 | -1.999e+05 |
|            10380.0 | -2.008e+05 |
|            10390.0 | -2.016e+05 |
|            10400.0 | -2.025e+05 |
| 10409.999999999998 | -2.034e+05 |
|            10420.0 | -2.043e+05 |
|            10430.0 | -2.052e+05 |
| 10439.999999999998 | -2.061e+05 |
|            10450.0 | -2.070e+05 |
|            10460.0 | -2.079e+05 |
| 10469.999999999998 | -2.089e+05 |
|            10480.0 | -2.098e+05 |
|            10490.0 | -2.107e+05 |
|            10500.0 | -2.116e+05 |
|            10510.0 | -2.125e+05 |
|            10520.0 | -2.134e+05 |
|            10530.0 | -2.144e+05 |
|            10540.0 | -2.153e+05 |
|            10550.0 | -2.162e+05 |
|            10560.0 | -2.172e+05 |
|            10570.0 | -2.181e+05 |
| 10579.999999999998 | -2.190e+05 |
|            10590.0 | -2.200e+05 |
|            10600.0 | -2.209e+05 |
| 10609.999999999998 | -2.219e+05 |
|            10620.0 | -2.228e+05 |
|            10630.0 | -2.238e+05 |
| 10639.999999999998 | -2.247e+05 |
|            10650.0 | -2.257e+05 |
|            10660.0 | -2.266e+05 |
|            10670.0 | -2.276e+05 |
|            10680.0 | -2.286e+05 |
|            10690.0 | -2.295e+05 |
|            10700.0 | -2.305e+05 |
|            10710.0 | -2.315e+05 |
|            10720.0 | -2.325e+05 |
|            10730.0 | -2.334e+05 |
|            10740.0 | -2.344e+05 |
| 10749.999999999998 | -2.354e+05 |
|            10760.0 | -2.364e+05 |
|            10770.0 | -2.374e+05 |
| 10779.999999999998 | -2.384e+05 |
|            10790.0 | -2.394e+05 |
|            10800.0 | -2.404e+05 |
| 10809.999999999998 | -2.414e+05 |
|            10820.0 | -2.424e+05 |
|            10830.0 | -2.434e+05 |
|            10840.0 | -2.444e+05 |
|            10850.0 | -2.454e+05 |
|            10860.0 | -2.464e+05 |
|            10870.0 | -2.475e+05 |
|            10880.0 | -2.485e+05 |
| 10889.999999999998 | -2.495e+05 |
|            10900.0 | -2.505e+05 |
|            10910.0 | -2.516e+05 |
| 10919.999999999998 | -2.526e+05 |
|            10930.0 | -2.536e+05 |
|            10940.0 | -2.547e+05 |
| 10949.999999999998 | -2.557e+05 |
|            10960.0 | -2.568e+05 |
|            10970.0 | -2.578e+05 |
| 10979.999999999998 | -2.589e+05 |
|            10990.0 | -2.599e+05 |
|            11000.0 | -2.610e+05 |
|            11010.0 | -2.620e+05 |
|            11020.0 | -2.631e+05 |
|            11030.0 | -2.642e+05 |
|            11040.0 | -2.652e+05 |
|            11050.0 | -2.663e+05 |
| 11059.999999999998 | -2.674e+05 |
|            11070.0 | -2.684e+05 |
|            11080.0 | -2.695e+05 |
| 11089.999999999998 | -2.706e+05 |
|            11100.0 | -2.717e+05 |
|            11110.0 | -2.728e+05 |
| 11119.999999999998 | -2.739e+05 |
|            11130.0 | -2.750e+05 |
|            11140.0 | -2.761e+05 |
|            11150.0 | -2.772e+05 |
|            11160.0 | -2.783e+05 |
|            11170.0 | -2.794e+05 |
|            11180.0 | -2.805e+05 |
|            11190.0 | -2.816e+05 |
|            11200.0 | -2.827e+05 |
|            11210.0 | -2.838e+05 |
|            11220.0 | -2.849e+05 |
| 11229.999999999998 | -2.861e+05 |
|            11240.0 | -2.872e+05 |
|            11250.0 | -2.883e+05 |
| 11259.999999999998 | -2.895e+05 |
|            11270.0 | -2.906e+05 |
|            11280.0 | -2.917e+05 |
| 11289.999999999998 | -2.929e+05 |
|            11300.0 | -2.940e+05 |
|            11310.0 | -2.952e+05 |
|            11320.0 | -2.963e+05 |
|            11330.0 | -2.975e+05 |
|            11340.0 | -2.986e+05 |
|            11350.0 | -2.998e+05 |
|            11360.0 | -3.010e+05 |
| 11369.999999999998 | -3.021e+05 |
|            11380.0 | -3.033e+05 |
|            11390.0 | -3.045e+05 |
| 11399.999999999998 | -3.056e+05 |
|            11410.0 | -3.068e+05 |
|            11420.0 | -3.080e+05 |
| 11429.999999999998 | -3.092e+05 |
|            11440.0 | -3.104e+05 |
|            11450.0 | -3.116e+05 |
| 11459.999999999998 | -3.127e+05 |
|            11470.0 | -3.139e+05 |
|            11480.0 | -3.151e+05 |
|            11490.0 | -3.163e+05 |
|            11500.0 | -3.175e+05 |
|            11510.0 | -3.188e+05 |
|            11520.0 | -3.200e+05 |
|            11530.0 | -3.212e+05 |
| 11539.999999999998 | -3.224e+05 |
|            11550.0 | -3.236e+05 |
|            11560.0 | -3.248e+05 |
| 11569.999999999998 | -3.261e+05 |
|            11580.0 | -3.273e+05 |
|            11590.0 | -3.285e+05 |
| 11599.999999999998 | -3.298e+05 |
|            11610.0 | -3.310e+05 |
|            11620.0 | -3.323e+05 |
| 11629.999999999998 | -3.335e+05 |
|            11640.0 | -3.347e+05 |
|            11650.0 | -3.360e+05 |
|            11660.0 | -3.373e+05 |
|            11670.0 | -3.385e+05 |
|            11680.0 | -3.398e+05 |
|            11690.0 | -3.410e+05 |
|            11700.0 | -3.423e+05 |
| 11709.999999999998 | -3.436e+05 |
|            11720.0 | -3.449e+05 |
|            11730.0 | -3.461e+05 |
| 11739.999999999998 | -3.474e+05 |
|            11750.0 | -3.487e+05 |
|            11760.0 | -3.500e+05 |
| 11769.999999999998 | -3.513e+05 |
|            11780.0 | -3.526e+05 |
|            11790.0 | -3.539e+05 |
|            11800.0 | -3.552e+05 |
|            11810.0 | -3.565e+05 |
|            11820.0 | -3.578e+05 |
|            11830.0 | -3.591e+05 |
|            11840.0 | -3.604e+05 |
|            11850.0 | -3.617e+05 |
|            11860.0 | -3.630e+05 |
|            11870.0 | -3.643e+05 |
| 11879.999999999998 | -3.657e+05 |
|            11890.0 | -3.670e+05 |
|            11900.0 | -3.683e+05 |
| 11909.999999999998 | -3.697e+05 |
|            11920.0 | -3.710e+05 |
|            11930.0 | -3.723e+05 |
| 11939.999999999998 | -3.737e+05 |
|            11950.0 | -3.750e+05 |
|            11960.0 | -3.764e+05 |
|            11970.0 | -3.777e+05 |
|            11980.0 | -3.791e+05 |
|            11990.0 | -3.805e+05 |
|            12000.0 | -3.818e+05 |
|            12010.0 | -3.832e+05 |
| 12019.999999999998 | -3.846e+05 |
|            12030.0 | -3.859e+05 |
|            12040.0 | -3.873e+05 |
| 12049.999999999998 | -3.887e+05 |
|            12060.0 | -3.901e+05 |
|            12070.0 | -3.915e+05 |
| 12079.999999999998 | -3.929e+05 |
|            12090.0 | -3.943e+05 |
|            12100.0 | -3.957e+05 |
| 12109.999999999998 | -3.971e+05 |
|            12120.0 | -3.985e+05 |
|            12130.0 | -3.999e+05 |
|            12140.0 | -4.013e+05 |
|            12150.0 | -4.027e+05 |
|            12160.0 | -4.041e+05 |
|            12170.0 | -4.055e+05 |
|            12180.0 | -4.070e+05 |
| 12189.999999999998 | -4.084e+05 |
|            12200.0 | -4.098e+05 |
|            12210.0 | -4.112e+05 |
| 12219.999999999998 | -4.127e+05 |
|            12230.0 | -4.141e+05 |
|            12240.0 | -4.156e+05 |
| 12249.999999999998 | -4.170e+05 |
|            12260.0 | -4.185e+05 |
|            12270.0 | -4.199e+05 |
|            12280.0 | -4.214e+05 |
|            12290.0 | -4.228e+05 |
|            12300.0 | -4.243e+05 |
|            12310.0 | -4.258e+05 |
|            12320.0 | -4.272e+05 |
|            12330.0 | -4.287e+05 |
|            12340.0 | -4.302e+05 |
|            12350.0 | -4.317e+05 |
| 12359.999999999998 | -4.332e+05 |
|            12370.0 | -4.347e+05 |
|            12380.0 | -4.361e+05 |
| 12389.999999999998 | -4.376e+05 |
|            12400.0 | -4.391e+05 |
|            12410.0 | -4.406e+05 |
| 12419.999999999998 | -4.421e+05 |
|            12430.0 | -4.437e+05 |
|            12440.0 | -4.452e+05 |
|            12450.0 | -4.467e+05 |
|            12460.0 | -4.482e+05 |
|            12470.0 | -4.497e+05 |
|            12480.0 | -4.513e+05 |
|            12490.0 | -4.528e+05 |
| 12499.999999999998 | -4.543e+05 |
|            12510.0 | -4.559e+05 |
|            12520.0 | -4.574e+05 |
| 12529.999999999998 | -4.589e+05 |
|            12540.0 | -4.605e+05 |
|            12550.0 | -4.620e+05 |
| 12559.999999999998 | -4.636e+05 |
|            12570.0 | -4.652e+05 |
|            12580.0 | -4.667e+05 |
| 12589.999999999998 | -4.683e+05 |
|            12600.0 | -4.698e+05 |
|            12610.0 | -4.714e+05 |
|            12620.0 | -4.730e+05 |
|            12630.0 | -4.746e+05 |
|            12640.0 | -4.762e+05 |
|            12650.0 | -4.777e+05 |
|            12660.0 | -4.793e+05 |
| 12669.999999999998 | -4.809e+05 |
|            12680.0 | -4.825e+05 |
|            12690.0 | -4.841e+05 |
| 12699.999999999998 | -4.857e+05 |
|            12710.0 | -4.873e+05 |
|            12720.0 | -4.889e+05 |
| 12729.999999999998 | -4.906e+05 |
|            12740.0 | -4.922e+05 |
|            12750.0 | -4.938e+05 |
| 12759.999999999998 | -4.954e+05 |
|            12770.0 | -4.971e+05 |
|            12780.0 | -4.987e+05 |
|            12790.0 | -5.003e+05 |
|            12800.0 | -5.020e+05 |
|            12810.0 | -5.036e+05 |
|            12820.0 | -5.053e+05 |
|            12830.0 | -5.069e+05 |
| 12839.999999999998 | -5.086e+05 |
|            12850.0 | -5.102e+05 |
|            12860.0 | -5.119e+05 |
| 12869.999999999998 | -5.135e+05 |
|            12880.0 | -5.152e+05 |
|            12890.0 | -5.169e+05 |
| 12899.999999999998 | -5.186e+05 |
|            12910.0 | -5.202e+05 |
|            12920.0 | -5.219e+05 |
|            12930.0 | -5.236e+05 |
|            12940.0 | -5.253e+05 |
|            12950.0 | -5.270e+05 |
|            12960.0 | -5.287e+05 |
|            12970.0 | -5.304e+05 |
|            12980.0 | -5.321e+05 |
|            12990.0 | -5.338e+05 |
|            13000.0 | -5.355e+05 |
| 13009.999999999998 | -5.372e+05 |
|            13020.0 | -5.390e+05 |
|            13030.0 | -5.407e+05 |
| 13039.999999999998 | -5.424e+05 |
|            13050.0 | -5.441e+05 |
|            13060.0 | -5.459e+05 |
| 13069.999999999998 | -5.476e+05 |
|            13080.0 | -5.494e+05 |
|            13090.0 | -5.511e+05 |
|            13100.0 | -5.529e+05 |
|            13110.0 | -5.546e+05 |
|            13120.0 | -5.564e+05 |
|            13130.0 | -5.581e+05 |
|            13140.0 | -5.599e+05 |
| 13149.999999999998 | -5.617e+05 |
|            13160.0 | -5.634e+05 |
|            13170.0 | -5.652e+05 |
| 13179.999999999998 | -5.670e+05 |
|            13190.0 | -5.688e+05 |
|            13200.0 | -5.706e+05 |
| 13209.999999999998 | -5.724e+05 |
|            13220.0 | -5.741e+05 |
|            13230.0 | -5.759e+05 |
| 13239.999999999998 | -5.777e+05 |
|            13250.0 | -5.796e+05 |
|            13260.0 | -5.814e+05 |
|            13270.0 | -5.832e+05 |
|            13280.0 | -5.850e+05 |
|            13290.0 | -5.868e+05 |
|            13300.0 | -5.886e+05 |
|            13310.0 | -5.905e+05 |
| 13319.999999999998 | -5.923e+05 |
|            13330.0 | -5.941e+05 |
|            13340.0 | -5.960e+05 |
| 13349.999999999998 | -5.978e+05 |
|            13360.0 | -5.997e+05 |
|            13370.0 | -6.015e+05 |
| 13379.999999999998 | -6.034e+05 |
|            13390.0 | -6.052e+05 |
|            13400.0 | -6.071e+05 |
| 13409.999999999998 | -6.090e+05 |
|            13420.0 | -6.108e+05 |
|            13430.0 | -6.127e+05 |
|            13440.0 | -6.146e+05 |
|            13450.0 | -6.165e+05 |
|            13460.0 | -6.184e+05 |
|            13470.0 | -6.203e+05 |
|            13480.0 | -6.222e+05 |
| 13489.999999999998 | -6.240e+05 |
|            13500.0 | -6.260e+05 |
|            13510.0 | -6.279e+05 |
| 13519.999999999998 | -6.298e+05 |
|            13530.0 | -6.317e+05 |
|            13540.0 | -6.336e+05 |
| 13549.999999999998 | -6.355e+05 |
|            13560.0 | -6.374e+05 |
|            13570.0 | -6.394e+05 |
|            13580.0 | -6.413e+05 |
|            13590.0 | -6.432e+05 |
|            13600.0 | -6.452e+05 |
|            13610.0 | -6.471e+05 |
|            13620.0 | -6.491e+05 |
| 13629.999999999998 | -6.510e+05 |
|            13640.0 | -6.530e+05 |
|            13650.0 | -6.550e+05 |
| 13659.999999999998 | -6.569e+05 |
|            13670.0 | -6.589e+05 |
|            13680.0 | -6.609e+05 |
| 13689.999999999998 | -6.628e+05 |
|            13700.0 | -6.648e+05 |
|            13710.0 | -6.668e+05 |
| 13719.999999999998 | -6.688e+05 |
|            13730.0 | -6.708e+05 |
|            13740.0 | -6.728e+05 |
|            13750.0 | -6.748e+05 |
|            13760.0 | -6.768e+05 |
|            13770.0 | -6.788e+05 |
|            13780.0 | -6.808e+05 |
|            13790.0 | -6.828e+05 |
| 13799.999999999998 | -6.848e+05 |
|            13810.0 | -6.869e+05 |
|            13820.0 | -6.889e+05 |
| 13829.999999999998 | -6.909e+05 |
|            13840.0 | -6.930e+05 |
|            13850.0 | -6.950e+05 |
| 13859.999999999998 | -6.970e+05 |
|            13870.0 | -6.991e+05 |
|            13880.0 | -7.011e+05 |
| 13889.999999999998 | -7.032e+05 |
|            13900.0 | -7.053e+05 |
|            13910.0 | -7.073e+05 |
|            13920.0 | -7.094e+05 |
|            13930.0 | -7.115e+05 |
|            13940.0 | -7.135e+05 |
|            13950.0 | -7.156e+05 |
|            13960.0 | -7.177e+05 |
| 13969.999999999998 | -7.198e+05 |
|            13980.0 | -7.219e+05 |
|            13990.0 | -7.240e+05 |
| 13999.999999999998 | -7.261e+05 |
|            14010.0 | -7.282e+05 |
|            14020.0 | -7.303e+05 |
| 14029.999999999998 | -7.324e+05 |
|            14040.0 | -7.345e+05 |
|            14050.0 | -7.367e+05 |
| 14059.999999999998 | -7.388e+05 |
|            14070.0 | -7.409e+05 |
|            14080.0 | -7.430e+05 |
|            14090.0 | -7.452e+05 |
|            14100.0 | -7.473e+05 |
|            14110.0 | -7.495e+05 |
|            14120.0 | -7.516e+05 |
|            14130.0 | -7.538e+05 |
| 14139.999999999998 | -7.559e+05 |
|            14150.0 | -7.581e+05 |
|            14160.0 | -7.603e+05 |
| 14169.999999999998 | -7.624e+05 |
|            14180.0 | -7.646e+05 |
|            14190.0 | -7.668e+05 |
| 14199.999999999998 | -7.690e+05 |
|            14210.0 | -7.712e+05 |
|            14220.0 | -7.734e+05 |
|            14230.0 | -7.756e+05 |
|            14240.0 | -7.778e+05 |
|            14250.0 | -7.800e+05 |
|            14260.0 | -7.822e+05 |
|            14270.0 | -7.844e+05 |
| 14279.999999999998 | -7.866e+05 |
|            14290.0 | -7.888e+05 |
|            14300.0 | -7.910e+05 |
| 14309.999999999998 | -7.933e+05 |
|            14320.0 | -7.955e+05 |
|            14330.0 | -7.977e+05 |
| 14339.999999999998 | -8.000e+05 |
|            14350.0 | -8.022e+05 |
|            14360.0 | -8.045e+05 |
| 14369.999999999998 | -8.067e+05 |
|            14380.0 | -8.090e+05 |
|            14390.0 | -8.113e+05 |
|            14400.0 | -8.135e+05 |
|            14410.0 | -8.158e+05 |
|            14420.0 | -8.181e+05 |
|            14430.0 | -8.204e+05 |
|            14440.0 | -8.226e+05 |
| 14449.999999999998 | -8.249e+05 |
|            14460.0 | -8.272e+05 |
|            14470.0 | -8.295e+05 |
| 14479.999999999998 | -8.318e+05 |
|            14490.0 | -8.341e+05 |
|            14500.0 | -8.364e+05 |
| 14509.999999999998 | -8.387e+05 |
|            14520.0 | -8.411e+05 |
|            14530.0 | -8.434e+05 |
| 14539.999999999998 | -8.457e+05 |
|            14550.0 | -8.480e+05 |
|            14560.0 | -8.504e+05 |
|            14570.0 | -8.527e+05 |
|            14580.0 | -8.551e+05 |
|            14590.0 | -8.574e+05 |
|            14600.0 | -8.598e+05 |
|            14610.0 | -8.621e+05 |
| 14619.999999999998 | -8.645e+05 |
|            14630.0 | -8.669e+05 |
|            14640.0 | -8.692e+05 |
| 14649.999999999998 | -8.716e+05 |
|            14660.0 | -8.740e+05 |
|            14670.0 | -8.764e+05 |
| 14679.999999999998 | -8.788e+05 |
|            14690.0 | -8.811e+05 |
|            14700.0 | -8.835e+05 |
| 14709.999999999998 | -8.859e+05 |
|            14720.0 | -8.883e+05 |
|            14730.0 | -8.908e+05 |
|            14740.0 | -8.932e+05 |
|            14750.0 | -8.956e+05 |
| 14759.999999999998 | -8.980e+05 |
|            14770.0 | -9.004e+05 |
|            14780.0 | -9.029e+05 |
| 14789.999999999998 | -9.053e+05 |
|            14800.0 | -9.077e+05 |
|            14810.0 | -9.102e+05 |
| 14819.999999999998 | -9.126e+05 |
|            14830.0 | -9.151e+05 |
|            14840.0 | -9.176e+05 |
| 14849.999999999998 | -9.200e+05 |
|            14860.0 | -9.225e+05 |
|            14870.0 | -9.250e+05 |
|            14880.0 | -9.274e+05 |
|            14890.0 | -9.299e+05 |
|            14900.0 | -9.324e+05 |
|            14910.0 | -9.349e+05 |
|            14920.0 | -9.374e+05 |
| 14929.999999999998 | -9.399e+05 |
|            14940.0 | -9.424e+05 |
|            14950.0 | -9.449e+05 |
| 14959.999999999998 | -9.474e+05 |
|            14970.0 | -9.499e+05 |
|            14980.0 | -9.524e+05 |
| 14989.999999999998 | -9.549e+05 |
|            15000.0 | -9.575e+05 |
|            15010.0 | -9.600e+05 |
| 15019.999999999998 | -9.625e+05 |
|            15030.0 | -9.651e+05 |
|            15040.0 | -9.676e+05 |
|            15050.0 | -9.702e+05 |
|            15060.0 | -9.727e+05 |
|            15070.0 | -9.753e+05 |
|            15080.0 | -9.779e+05 |
|            15090.0 | -9.804e+05 |
| 15099.999999999998 | -9.830e+05 |
|            15110.0 | -9.856e+05 |
|            15120.0 | -9.882e+05 |
| 15129.999999999998 | -9.908e+05 |
|            15140.0 | -9.934e+05 |
|            15150.0 | -9.959e+05 |
| 15159.999999999998 | -9.985e+05 |
|            15170.0 | -1.001e+06 |
|            15180.0 | -1.004e+06 |
| 15189.999999999998 | -1.006e+06 |
|            15200.0 | -1.009e+06 |
|            15210.0 | -1.012e+06 |
|            15220.0 | -1.014e+06 |
|            15230.0 | -1.017e+06 |
| 15239.999999999998 | -1.020e+06 |
|            15250.0 | -1.022e+06 |
|            15260.0 | -1.025e+06 |
| 15269.999999999998 | -1.027e+06 |
|            15280.0 | -1.030e+06 |
|            15290.0 | -1.033e+06 |
| 15299.999999999998 | -1.035e+06 |
|            15310.0 | -1.038e+06 |
|            15320.0 | -1.041e+06 |
| 15329.999999999998 | -1.043e+06 |
|            15340.0 | -1.046e+06 |
|            15350.0 | -1.049e+06 |
| 15359.999999999998 | -1.052e+06 |
|            15370.0 | -1.054e+06 |
|            15380.0 | -1.057e+06 |
|            15390.0 | -1.060e+06 |
|            15400.0 | -1.062e+06 |
| 15409.999999999998 | -1.065e+06 |
|            15420.0 | -1.068e+06 |
|            15430.0 | -1.070e+06 |
| 15439.999999999998 | -1.073e+06 |
|            15450.0 | -1.076e+06 |
|            15460.0 | -1.079e+06 |
| 15469.999999999998 | -1.081e+06 |
|            15480.0 | -1.084e+06 |
|            15490.0 | -1.087e+06 |
| 15499.999999999998 | -1.090e+06 |
|            15510.0 | -1.092e+06 |
|            15520.0 | -1.095e+06 |
|            15530.0 | -1.098e+06 |
|            15540.0 | -1.101e+06 |
|            15550.0 | -1.104e+06 |
|            15560.0 | -1.106e+06 |
|            15570.0 | -1.109e+06 |
| 15579.999999999998 | -1.112e+06 |
|            15590.0 | -1.115e+06 |
|            15600.0 | -1.118e+06 |
| 15609.999999999998 | -1.120e+06 |
|            15620.0 | -1.123e+06 |
|            15630.0 | -1.126e+06 |
| 15639.999999999998 | -1.129e+06 |
|            15650.0 | -1.132e+06 |
|            15660.0 | -1.134e+06 |
| 15669.999999999998 | -1.137e+06 |
|            15680.0 | -1.140e+06 |
|            15690.0 | -1.143e+06 |
|            15700.0 | -1.146e+06 |
|            15710.0 | -1.149e+06 |
|            15720.0 | -1.152e+06 |
|            15730.0 | -1.154e+06 |
|            15740.0 | -1.157e+06 |
| 15749.999999999998 | -1.160e+06 |
|            15760.0 | -1.163e+06 |
|            15770.0 | -1.166e+06 |
| 15779.999999999998 | -1.169e+06 |
|            15790.0 | -1.172e+06 |
|            15800.0 | -1.175e+06 |
| 15809.999999999998 | -1.178e+06 |
|            15820.0 | -1.180e+06 |
|            15830.0 | -1.183e+06 |
| 15839.999999999998 | -1.186e+06 |
|            15850.0 | -1.189e+06 |
|            15860.0 | -1.192e+06 |
|            15870.0 | -1.195e+06 |
|            15880.0 | -1.198e+06 |
| 15889.999999999998 | -1.201e+06 |
|            15900.0 | -1.204e+06 |
|            15910.0 | -1.207e+06 |
| 15919.999999999998 | -1.210e+06 |
|            15930.0 | -1.213e+06 |
|            15940.0 | -1.216e+06 |
| 15949.999999999998 | -1.219e+06 |
|            15960.0 | -1.222e+06 |
|            15970.0 | -1.225e+06 |
| 15979.999999999998 | -1.228e+06 |
|            15990.0 | -1.231e+06 |
|            16000.0 | -1.234e+06 |
|            16010.0 | -1.237e+06 |
|            16020.0 | -1.240e+06 |
|            16030.0 | -1.243e+06 |
|            16040.0 | -1.246e+06 |
|            16050.0 | -1.249e+06 |
| 16059.999999999998 | -1.252e+06 |
|            16070.0 | -1.255e+06 |
|            16080.0 | -1.258e+06 |
| 16089.999999999998 | -1.261e+06 |
|            16100.0 | -1.264e+06 |
|            16110.0 | -1.267e+06 |
| 16119.999999999998 | -1.270e+06 |
|            16130.0 | -1.273e+06 |
|            16140.0 | -1.276e+06 |
| 16149.999999999998 | -1.279e+06 |
|            16160.0 | -1.282e+06 |
|            16170.0 | -1.285e+06 |
|            16180.0 | -1.288e+06 |
|            16190.0 | -1.291e+06 |
|            16200.0 | -1.295e+06 |
|            16210.0 | -1.298e+06 |
|            16220.0 | -1.301e+06 |
| 16229.999999999998 | -1.304e+06 |
|            16240.0 | -1.307e+06 |
|            16250.0 | -1.310e+06 |
| 16259.999999999998 | -1.313e+06 |
|            16270.0 | -1.316e+06 |
|            16280.0 | -1.319e+06 |
| 16289.999999999998 | -1.323e+06 |
|            16300.0 | -1.326e+06 |
|            16310.0 | -1.329e+06 |
| 16319.999999999998 | -1.332e+06 |
|            16330.0 | -1.335e+06 |
|            16340.0 | -1.338e+06 |
|            16350.0 | -1.342e+06 |
|            16360.0 | -1.345e+06 |
| 16369.999999999998 | -1.348e+06 |
|            16380.0 | -1.351e+06 |
|            16390.0 | -1.354e+06 |
|            16400.0 | -1.357e+06 |
|            16410.0 | -1.361e+06 |
|            16420.0 | -1.364e+06 |
|            16430.0 | -1.367e+06 |
|            16440.0 | -1.370e+06 |
|            16450.0 | -1.373e+06 |
|            16460.0 | -1.377e+06 |
|            16470.0 | -1.380e+06 |
|            16480.0 | -1.383e+06 |
|            16490.0 | -1.386e+06 |
|            16500.0 | -1.390e+06 |
|            16510.0 | -1.393e+06 |
|            16520.0 | -1.396e+06 |
|            16530.0 | -1.399e+06 |
|            16540.0 | -1.403e+06 |
|            16550.0 | -1.406e+06 |
|            16560.0 | -1.409e+06 |
|            16570.0 | -1.412e+06 |
|            16580.0 | -1.416e+06 |
|            16590.0 | -1.419e+06 |
|            16600.0 | -1.422e+06 |
|            16610.0 | -1.426e+06 |
|            16620.0 | -1.429e+06 |
|            16630.0 | -1.432e+06 |
|            16640.0 | -1.436e+06 |
|            16650.0 | -1.439e+06 |
|            16660.0 | -1.442e+06 |
|            16670.0 | -1.446e+06 |
|            16680.0 | -1.449e+06 |
|            16690.0 | -1.452e+06 |
|            16700.0 | -1.456e+06 |
|            16710.0 | -1.459e+06 |
|            16720.0 | -1.462e+06 |
|            16730.0 | -1.466e+06 |
|            16740.0 | -1.469e+06 |
|            16750.0 | -1.472e+06 |
|            16760.0 | -1.476e+06 |
|            16770.0 | -1.479e+06 |
|            16780.0 | -1.482e+06 |
|            16790.0 | -1.486e+06 |
|            16800.0 | -1.489e+06 |
|            16810.0 | -1.493e+06 |
|            16820.0 | -1.496e+06 |
|            16830.0 | -1.499e+06 |
|            16840.0 | -1.503e+06 |
|            16850.0 | -1.506e+06 |
|            16860.0 | -1.510e+06 |
|            16870.0 | -1.513e+06 |
|            16880.0 | -1.517e+06 |
|            16890.0 | -1.520e+06 |
|            16900.0 | -1.524e+06 |
|            16910.0 | -1.527e+06 |
|            16920.0 | -1.530e+06 |
|            16930.0 | -1.534e+06 |
|            16940.0 | -1.537e+06 |
|            16950.0 | -1.541e+06 |
|            16960.0 | -1.544e+06 |
|            16970.0 | -1.548e+06 |
|            16980.0 | -1.551e+06 |
|            16990.0 | -1.555e+06 |
|            17000.0 | -1.558e+06 |
|            17010.0 | -1.562e+06 |
|            17020.0 | -1.565e+06 |
|            17030.0 | -1.569e+06 |
|            17040.0 | -1.572e+06 |
|            17050.0 | -1.576e+06 |
|            17060.0 | -1.579e+06 |
|            17070.0 | -1.583e+06 |
|            17080.0 | -1.586e+06 |
|            17090.0 | -1.590e+06 |
|            17100.0 | -1.594e+06 |
|            17110.0 | -1.597e+06 |
|            17120.0 | -1.601e+06 |
|            17130.0 | -1.604e+06 |
|            17140.0 | -1.608e+06 |
|            17150.0 | -1.611e+06 |
|            17160.0 | -1.615e+06 |
|            17170.0 | -1.619e+06 |
|            17180.0 | -1.622e+06 |
|            17190.0 | -1.626e+06 |
|            17200.0 | -1.629e+06 |
|            17210.0 | -1.633e+06 |
|            17220.0 | -1.637e+06 |
|            17230.0 | -1.640e+06 |
|            17240.0 | -1.644e+06 |
|            17250.0 | -1.647e+06 |
|            17260.0 | -1.651e+06 |
|            17270.0 | -1.655e+06 |
|            17280.0 | -1.658e+06 |
|            17290.0 | -1.662e+06 |
|            17300.0 | -1.666e+06 |
|            17310.0 | -1.669e+06 |
|            17320.0 | -1.673e+06 |
|            17330.0 | -1.677e+06 |
|            17340.0 | -1.680e+06 |
|            17350.0 | -1.684e+06 |
|            17360.0 | -1.688e+06 |
|            17370.0 | -1.691e+06 |
|            17380.0 | -1.695e+06 |
|            17390.0 | -1.699e+06 |
|            17400.0 | -1.703e+06 |
|            17410.0 | -1.706e+06 |
|            17420.0 | -1.710e+06 |
|            17430.0 | -1.714e+06 |
|            17440.0 | -1.717e+06 |
|            17450.0 | -1.721e+06 |
|            17460.0 | -1.725e+06 |
|            17470.0 | -1.729e+06 |
|            17480.0 | -1.732e+06 |
|            17490.0 | -1.736e+06 |
|            17500.0 | -1.740e+06 |
|            17510.0 | -1.744e+06 |
|            17520.0 | -1.748e+06 |
|            17530.0 | -1.751e+06 |
|            17540.0 | -1.755e+06 |
|            17550.0 | -1.759e+06 |
|            17560.0 | -1.763e+06 |
|            17570.0 | -1.767e+06 |
|            17580.0 | -1.770e+06 |
|            17590.0 | -1.774e+06 |
|            17600.0 | -1.778e+06 |
|            17610.0 | -1.782e+06 |
|            17620.0 | -1.786e+06 |
|            17630.0 | -1.789e+06 |
|            17640.0 | -1.793e+06 |
|            17650.0 | -1.797e+06 |
|            17660.0 | -1.801e+06 |
|            17670.0 | -1.805e+06 |
|            17680.0 | -1.809e+06 |
|            17690.0 | -1.813e+06 |
|            17700.0 | -1.816e+06 |
|            17710.0 | -1.820e+06 |
|            17720.0 | -1.824e+06 |
|            17730.0 | -1.828e+06 |
|            17740.0 | -1.832e+06 |
|            17750.0 | -1.836e+06 |
|            17760.0 | -1.840e+06 |
|            17770.0 | -1.844e+06 |
|            17780.0 | -1.848e+06 |
|            17790.0 | -1.852e+06 |
|            17800.0 | -1.856e+06 |
|            17810.0 | -1.859e+06 |
|            17820.0 | -1.863e+06 |
|            17830.0 | -1.867e+06 |
|            17840.0 | -1.871e+06 |
|            17850.0 | -1.875e+06 |
|            17860.0 | -1.879e+06 |
|            17870.0 | -1.883e+06 |
|            17880.0 | -1.887e+06 |
|            17890.0 | -1.891e+06 |
|            17900.0 | -1.895e+06 |
|            17910.0 | -1.899e+06 |
|            17920.0 | -1.903e+06 |
|            17930.0 | -1.907e+06 |
|            17940.0 | -1.911e+06 |
|            17950.0 | -1.915e+06 |
|            17960.0 | -1.919e+06 |
|            17970.0 | -1.923e+06 |
|            17980.0 | -1.927e+06 |
|            17990.0 | -1.931e+06 |
|            18000.0 | -1.935e+06 |
|            18010.0 | -1.939e+06 |
|            18020.0 | -1.943e+06 |
|            18030.0 | -1.947e+06 |
|            18040.0 | -1.951e+06 |
|            18050.0 | -1.956e+06 |
|            18060.0 | -1.960e+06 |
|            18070.0 | -1.964e+06 |
|            18080.0 | -1.968e+06 |
|            18090.0 | -1.972e+06 |
|            18100.0 | -1.976e+06 |
|            18110.0 | -1.980e+06 |
|            18120.0 | -1.984e+06 |
|            18130.0 | -1.988e+06 |
|            18140.0 | -1.992e+06 |
|            18150.0 | -1.997e+06 |
|            18160.0 | -2.001e+06 |
|            18170.0 | -2.005e+06 |
|            18180.0 | -2.009e+06 |
|            18190.0 | -2.013e+06 |
|            18200.0 | -2.017e+06 |
|            18210.0 | -2.021e+06 |
|            18220.0 | -2.026e+06 |
|            18230.0 | -2.030e+06 |
|            18240.0 | -2.034e+06 |
|            18250.0 | -2.038e+06 |
|            18260.0 | -2.042e+06 |
|            18270.0 | -2.047e+06 |
|            18280.0 | -2.051e+06 |
|            18290.0 | -2.055e+06 |
|            18300.0 | -2.059e+06 |
|            18310.0 | -2.063e+06 |
|            18320.0 | -2.068e+06 |
|            18330.0 | -2.072e+06 |
|            18340.0 | -2.076e+06 |
|            18350.0 | -2.080e+06 |
|            18360.0 | -2.085e+06 |
|            18370.0 | -2.089e+06 |
|            18380.0 | -2.093e+06 |
|            18390.0 | -2.097e+06 |
|            18400.0 | -2.102e+06 |
|            18410.0 | -2.106e+06 |
|            18420.0 | -2.110e+06 |
|            18430.0 | -2.114e+06 |
|            18440.0 | -2.119e+06 |
|            18450.0 | -2.123e+06 |
|            18460.0 | -2.127e+06 |
|            18470.0 | -2.132e+06 |
|            18480.0 | -2.136e+06 |
|            18490.0 | -2.140e+06 |
|            18500.0 | -2.145e+06 |
|            18510.0 | -2.149e+06 |
|            18520.0 | -2.153e+06 |
|            18530.0 | -2.158e+06 |
|            18540.0 | -2.162e+06 |
|            18550.0 | -2.166e+06 |
|            18560.0 | -2.171e+06 |
|            18570.0 | -2.175e+06 |
|            18580.0 | -2.179e+06 |
|            18590.0 | -2.184e+06 |
|            18600.0 | -2.188e+06 |
|            18610.0 | -2.193e+06 |
|            18620.0 | -2.197e+06 |
|            18630.0 | -2.201e+06 |
|            18640.0 | -2.206e+06 |
|            18650.0 | -2.210e+06 |
|            18660.0 | -2.215e+06 |
|            18670.0 | -2.219e+06 |
|            18680.0 | -2.223e+06 |
|            18690.0 | -2.228e+06 |
|            18700.0 | -2.232e+06 |
|            18710.0 | -2.237e+06 |
|            18720.0 | -2.241e+06 |
|            18730.0 | -2.246e+06 |
|            18740.0 | -2.250e+06 |
|            18750.0 | -2.255e+06 |
|            18760.0 | -2.259e+06 |
|            18770.0 | -2.264e+06 |
|            18780.0 | -2.268e+06 |
|            18790.0 | -2.273e+06 |
|            18800.0 | -2.277e+06 |
|            18810.0 | -2.282e+06 |
|            18820.0 | -2.286e+06 |
|            18830.0 | -2.291e+06 |
|            18840.0 | -2.295e+06 |
|            18850.0 | -2.300e+06 |
|            18860.0 | -2.304e+06 |
|            18870.0 | -2.309e+06 |
|            18880.0 | -2.313e+06 |
|            18890.0 | -2.318e+06 |
|            18900.0 | -2.322e+06 |
|            18910.0 | -2.327e+06 |
|            18920.0 | -2.332e+06 |
|            18930.0 | -2.336e+06 |
|            18940.0 | -2.341e+06 |
|            18950.0 | -2.345e+06 |
|            18960.0 | -2.350e+06 |
|            18970.0 | -2.354e+06 |
|            18980.0 | -2.359e+06 |
|            18990.0 | -2.364e+06 |
|            19000.0 | -2.368e+06 |
|            19010.0 | -2.373e+06 |
|            19020.0 | -2.378e+06 |
|            19030.0 | -2.382e+06 |
|            19040.0 | -2.387e+06 |
|            19050.0 | -2.392e+06 |
|            19060.0 | -2.396e+06 |
|            19070.0 | -2.401e+06 |
|            19080.0 | -2.405e+06 |
|            19090.0 | -2.410e+06 |
|            19100.0 | -2.415e+06 |
|            19110.0 | -2.420e+06 |
|            19120.0 | -2.424e+06 |
| 19129.999999999996 | -2.429e+06 |
|            19140.0 | -2.434e+06 |
|            19150.0 | -2.438e+06 |
|            19160.0 | -2.443e+06 |
|            19170.0 | -2.448e+06 |
|            19180.0 | -2.453e+06 |
| 19189.999999999996 | -2.457e+06 |
|            19200.0 | -2.462e+06 |
|            19210.0 | -2.467e+06 |
|            19220.0 | -2.471e+06 |
|            19230.0 | -2.476e+06 |
| 19239.999999999996 | -2.481e+06 |
|            19250.0 | -2.486e+06 |
|            19260.0 | -2.491e+06 |
|            19270.0 | -2.495e+06 |
|            19280.0 | -2.500e+06 |
|            19290.0 | -2.505e+06 |
| 19299.999999999996 | -2.510e+06 |
|            19310.0 | -2.515e+06 |
|            19320.0 | -2.519e+06 |
|            19330.0 | -2.524e+06 |
|            19340.0 | -2.529e+06 |
|            19350.0 | -2.534e+06 |
| 19359.999999999996 | -2.539e+06 |
|            19370.0 | -2.543e+06 |
|            19380.0 | -2.548e+06 |
|            19390.0 | -2.553e+06 |
|            19400.0 | -2.558e+06 |
| 19409.999999999996 | -2.563e+06 |
|            19420.0 | -2.568e+06 |
|            19430.0 | -2.573e+06 |
|            19440.0 | -2.578e+06 |
|            19450.0 | -2.582e+06 |
|            19460.0 | -2.587e+06 |
| 19469.999999999996 | -2.592e+06 |
|            19480.0 | -2.597e+06 |
|            19490.0 | -2.602e+06 |
|            19500.0 | -2.607e+06 |
|            19510.0 | -2.612e+06 |
| 19519.999999999996 | -2.617e+06 |
| 19529.999999999996 | -2.622e+06 |
|            19540.0 | -2.627e+06 |
|            19550.0 | -2.632e+06 |
|            19560.0 | -2.637e+06 |
|            19570.0 | -2.642e+06 |
| 19579.999999999996 | -2.647e+06 |
|            19590.0 | -2.652e+06 |
|            19600.0 | -2.657e+06 |
|            19610.0 | -2.662e+06 |
|            19620.0 | -2.667e+06 |
|            19630.0 | -2.672e+06 |
| 19639.999999999996 | -2.677e+06 |
|            19650.0 | -2.682e+06 |
|            19660.0 | -2.687e+06 |
|            19670.0 | -2.692e+06 |
|            19680.0 | -2.697e+06 |
| 19689.999999999996 | -2.702e+06 |
|            19700.0 | -2.707e+06 |
|            19710.0 | -2.712e+06 |
|            19720.0 | -2.717e+06 |
|            19730.0 | -2.722e+06 |
|            19740.0 | -2.727e+06 |
| 19749.999999999996 | -2.732e+06 |
|            19760.0 | -2.737e+06 |
|            19770.0 | -2.742e+06 |
|            19780.0 | -2.747e+06 |
|            19790.0 | -2.752e+06 |
|            19800.0 | -2.758e+06 |
| 19809.999999999996 | -2.763e+06 |
|            19820.0 | -2.768e+06 |
|            19830.0 | -2.773e+06 |
|            19840.0 | -2.778e+06 |
|            19850.0 | -2.783e+06 |
| 19859.999999999996 | -2.788e+06 |
|            19870.0 | -2.793e+06 |
|            19880.0 | -2.799e+06 |
|            19890.0 | -2.804e+06 |
|            19900.0 | -2.809e+06 |
|            19910.0 | -2.814e+06 |
| 19919.999999999996 | -2.819e+06 |
|            19930.0 | -2.825e+06 |
|            19940.0 | -2.830e+06 |
|            19950.0 | -2.835e+06 |
|            19960.0 | -2.840e+06 |
|            19970.0 | -2.845e+06 |
| 19979.999999999996 | -2.851e+06 |
|            19990.0 | -2.856e+06 |
|            20000.0 | -2.861e+06 |
