|                 wl |       k_e | k_ff_Hmenos |   k_ff_HI | k_bf_Hmenos_n1 | k_bf_HI_n1 | k_bf_HI_n2 | k_bf_HI_n3 | k_bf_HI_sum |
|              811.0 | 1.304e-11 |   3.939e-07 | 7.005e-08 |      1.232e-24 |  1.305e+02 |  1.082e-09 |  4.152e-12 |   1.305e+02 |
|              911.0 | 1.304e-11 |   4.652e-07 | 9.878e-08 |      1.360e-24 |  1.780e+02 |  1.514e-09 |  5.835e-12 |   1.780e+02 |
| 1010.9999999999999 | 1.304e-11 |   5.417e-07 | 1.344e-07 |      1.499e-24 |  2.343e+02 |  2.047e-09 |  7.914e-12 |   2.343e+02 |
|             3545.0 | 1.304e-11 |   4.104e-06 | 5.589e-06 |      7.006e-24 |  3.232e+03 |  7.359e-08 |  3.075e-10 |   3.232e+03 |
|             3645.0 | 1.304e-11 |   4.308e-06 | 6.072e-06 |      7.247e-24 |  3.279e+03 |  7.954e-08 |  3.333e-10 |   3.279e+03 |
|             3745.0 | 1.304e-11 |   4.516e-06 | 6.582e-06 |      7.487e-24 |  3.305e+03 |  8.578e-08 |  3.605e-10 |   3.305e+03 |
|  8100.999999999999 | 1.304e-11 |   1.823e-05 | 6.443e-05 |      1.400e-23 | -5.874e+04 |  6.785e-07 |  3.227e-09 |  -5.874e+04 |
|             8201.0 | 1.304e-11 |   1.865e-05 | 6.676e-05 |      1.403e-23 | -6.277e+04 |  6.997e-07 |  3.338e-09 |  -6.277e+04 |
|             8301.0 | 1.304e-11 |   1.907e-05 | 6.914e-05 |      1.404e-23 | -6.697e+04 |  7.212e-07 |  3.450e-09 |  -6.697e+04 |
